Input/Spatial/dem.asc
ncols         129
nrows         169
xllcorner     467968.68340708
yllcorner     2628209.6290321
cellsize      90.214450772628
NODATA_value  -9999
[rows 78 to 116 of 169, columns 0 to 88 of 129]
-9999 -9999 -9999 -9999 -9999 -9999 -9999 -9999 -9999 -9999 -9999 457 450 432 410 415 426 417 411 403 392 392 392 387 380 386 383 374 392 400 400 388 372 382 397 395 411 434 431 417 399 373 346 314 278 252 230 214 200 195 196 184 177 177 181 185 191 197 207 234 260 283 314 345 379 420 428 416 396 382 384 383 368 372 386 383 367 356 356 358 344 352 368 360 348 331 314 321 322
-9999 -9999 -9999 -9999 -9999 -9999 -9999 -9999 -9999 -9999 -9999 463 451 432 414 408 412 409 413 395 394 410 400 391 388 372 364 372 379 384 381 358 359 385 386 369 379 397 391 387 373 365 326 304 274 240 217 198 193 186 185 178 177 177 177 178 190 194 215 239 269 309 340 359 386 411 425 416 396 382 384 383 368 372 386 383 367 356 356 358 359 360 367 359 341 332 325 327 331
-9999 -9999 -9999 -9999 -9999 -9999 -9999 -9999 -9999 -9999 -9999 470 455 430 419 412 399 396 397 394 405 416 401 391 380 365 349 346 354 362 357 342 356 382 364 353 358 370 365 351 327 324 293 273 262 241 223 204 193 185 178 177 177 178 177 178 190 194 215 239 269 309 340 359 386 411 425 412 398 378 369 376 364 374 389 388 365 356 360 350 353 363 373 367 349 351 345 332 334
-9999 -9999 -9999 -9999 -9999 -9999 -9999 -9999 -9999 -9999 484 474 449 429 420 411 414 399 396 398 405 404 389 376 371 360 351 333 329 326 323 320 344 359 348 334 334 345 347 321 298 300 293 273 262 241 223 204 193 185 178 177 177 178 181 184 190 193 217 245 279 307 328 363 388 418 426 408 394 375 364 364 379 393 404 403 385 386 383 355 350 349 366 372 366 360 351 347 353
-9999 -9999 -9999 -9999 -9999 -9999 -9999 -9999 -9999 495 462 461 437 417 409 403 401 404 406 411 414 421 409 390 376 374 384 371 365 356 323 320 344 359 348 334 334 345 347 321 298 300 271 251 229 226 220 218 205 203 182 177 177 181 193 192 195 210 224 257 280 290 328 358 379 385 399 394 384 364 364 380 395 399 383 390 398 397 369 364 358 341 339 346 352 339 351 358 370
-9999 -9999 -9999 -9999 -9999 -9999 -9999 -9999 -9999 479 461 451 431 410 411 401 408 420 422 411 414 421 409 390 376 374 384 371 365 356 336 320 326 337 337 328 315 336 328 299 287 279 267 255 233 220 212 215 206 199 186 177 177 180 196 201 209 232 250 256 254 273 326 363 373 361 383 391 374 364 370 385 380 386 358 371 378 388 378 379 351 348 336 333 331 332 350 374 391
-9999 -9999 -9999 -9999 -9999 -9999 -9999 -9999 -9999 479 461 451 431 410 411 401 408 420 422 426 429 419 406 381 377 393 406 401 393 363 341 317 307 324 321 313 320 330 302 273 271 259 258 256 240 222 202 197 189 185 179 177 177 180 205 225 227 228 241 242 240 266 317 369 374 361 374 377 364 367 379 384 370 364 350 358 367 386 391 370 355 366 350 327 340 338 360 388 397
-9999 -9999 -9999 -9999 -9999 -9999 -9999 -9999 -9999 482 460 447 433 417 401 409 413 432 433 425 413 411 391 387 407 413 424 404 378 358 329 310 303 304 311 316 312 297 286 276 253 255 235 250 243 222 209 206 210 198 181 177 177 188 216 241 223 208 229 222 238 258 313 363 371 357 365 367 363 380 387 373 353 346 343 347 363 378 385 385 374 365 340 323 337 343 356 376 396
-9999 -9999 -9999 -9999 -9999 -9999 -9999 -9999 -9999 480 454 453 426 405 405 420 420 430 438 416 395 391 391 407 427 427 409 388 363 333 303 294 295 302 320 324 301 273 260 267 242 239 231 238 229 237 220 214 216 193 189 177 177 183 200 229 225 202 214 220 238 264 309 350 368 352 353 355 379 377 360 353 366 361 343 350 363 359 378 383 361 338 335 329 323 337 357 377 386
-9999 -9999 -9999 -9999 -9999 -9999 -9999 -9999 -9999 474 448 434 413 409 412 427 429 436 433 407 391 395 416 423 425 416 383 361 339 306 285 298 313 326 325 304 286 264 245 237 229 222 231 228 233 239 237 229 209 209 207 185 177 177 189 211 200 187 233 254 252 275 318 339 341 341 353 374 376 360 363 381 397 389 346 343 346 356 384 364 339 341 341 317 312 332 360 358 362
-9999 -9999 -9999 -9999 -9999 -9999 -9999 -9999 -9999 458 424 417 422 427 428 437 445 435 425 415 409 416 425 420 398 380 368 340 309 285 299 315 307 313 303 293 277 256 254 236 244 235 221 222 224 215 229 239 231 227 213 201 197 180 177 190 184 184 228 260 273 293 313 305 294 316 337 362 384 376 369 391 398 373 348 343 343 348 350 346 343 343 317 292 295 323 331 326 339
-9999 -9999 -9999 -9999 -9999 -9999 -9999 -9999 -9999 442 422 434 445 448 442 448 454 439 435 439 439 432 421 407 385 359 345 314 286 284 291 300 293 294 280 279 277 268 266 252 250 239 211 217 214 215 221 233 232 225 211 204 191 191 177 177 195 194 228 251 278 295 283 265 277 295 316 355 391 386 381 392 376 360 353 349 352 343 343 343 350 328 298 292 297 315 310 310 316
-9999 -9999 -9999 -9999 -9999 -9999 -9999 -9999 -9999 424 445 458 463 462 455 462 467 462 454 452 427 415 407 393 380 355 320 296 295 280 273 273 286 278 279 298 294 290 282 270 261 254 215 211 207 227 234 237 236 238 223 211 207 193 177 177 193 204 227 253 287 285 254 258 266 291 321 369 396 381 384 392 385 389 361 361 344 343 358 371 361 329 302 292 292 290 276 280 295
-9999 -9999 -9999 -9999 -9999 -9999 -9999 -9999 -9999 -9999 -9999 473 -9999 -9999 -9999 -9999 -9999 -9999 476 460 429 411 388 377 360 348 308 316 312 288 273 273 273 273 298 309 304 309 300 281 256 242 213 207 219 229 227 235 235 242 234 220 201 184 177 177 182 194 228 255 274 266 250 251 265 301 344 387 397 385 395 403 405 398 363 350 343 360 383 400 390 360 334 317 302 286 260 268 286
-9999 -9999 -9999 -9999 -9999 -9999 -9999 -9999 -9999 -9999 -9999 -9999 -9999 -9999 -9999 -9999 -9999 -9999 -9999 451 425 408 377 358 347 329 324 327 300 285 287 282 273 275 290 290 300 298 293 270 243 236 206 217 217 215 220 231 249 244 247 229 204 184 177 177 181 203 234 250 260 250 252 266 284 318 339 382 417 413 417 408 385 373 352 353 356 381 402 398 386 365 340 318 294 269 249 259 265
-9999 -9999 -9999 -9999 -9999 -9999 -9999 -9999 -9999 -9999 -9999 -9999 -9999 -9999 -9999 -9999 -9999 -9999 -9999 440 415 392 368 354 328 324 349 322 306 315 317 295 273 273 273 277 287 296 275 259 251 240 208 206 205 213 233 248 255 246 242 213 192 178 177 183 203 202 223 229 235 228 244 262 287 297 342 387 411 425 414 387 380 376 373 382 391 404 391 369 351 339 318 296 273 263 236 232 229
-9999 -9999 -9999 -9999 -9999 -9999 -9999 -9999 -9999 -9999 -9999 -9999 -9999 -9999 -9999 -9999 -9999 -9999 -9999 433 400 377 361 332 326 357 352 334 334 343 323 297 289 287 273 261 269 289 280 253 231 230 203 196 212 227 235 253 258 256 247 219 210 196 177 184 188 195 222 215 211 230 252 265 269 288 317 386 422 438 435 427 418 411 419 423 414 394 363 334 319 311 292 273 248 236 218 198 194
-9999 -9999 -9999 -9999 -9999 -9999 -9999 -9999 -9999 -9999 -9999 -9999 -9999 -9999 -9999 -9999 -9999 -9999 -9999 419 385 362 342 332 347 361 362 352 351 350 316 302 285 275 273 257 274 292 266 239 223 210 196 202 226 240 242 251 252 256 248 230 211 182 177 177 177 194 195 202 226 252 275 297 304 306 343 374 430 443 433 435 431 411 402 401 387 375 340 321 303 288 264 239 215 206 192 178 178
-9999 -9999 -9999 -9999 -9999 -9999 -9999 -9999 -9999 -9999 -9999 -9999 -9999 -9999 -9999 -9999 -9999 -9999 -9999 398 374 347 337 344 350 375 383 370 357 320 287 274 257 249 253 264 285 281 254 237 221 196 202 213 230 239 219 238 246 249 249 225 208 181 177 177 177 193 212 230 251 264 282 316 350 338 361 404 435 426 410 404 393 357 348 357 362 359 336 314 295 272 240 221 197 182 177 186 192
-9999 -9999 -9999 -9999 -9999 -9999 -9999 -9999 -9999 -9999 -9999 -9999 -9999 -9999 -9999 -9999 -9999 -9999 -9999 388 365 351 350 360 372 386 382 375 368 325 278 248 220 221 239 258 272 277 257 226 208 196 196 205 218 209 194 215 238 239 246 228 209 193 177 177 177 204 220 239 263 297 322 355 377 369 388 416 424 402 379 373 354 320 324 327 339 328 313 300 277 255 230 204 177 177 196 207 212
-9999 -9999 -9999 -9999 -9999 -9999 -9999 -9999 -9999 -9999 -9999 -9999 -9999 -9999 -9999 -9999 -9999 -9999 -9999 -9999 372 371 380 390 393 371 363 359 356 321 280 254 227 215 223 235 256 259 238 206 194 191 183 194 205 182 197 210 217 218 231 230 203 187 177 177 177 205 223 236 263 310 345 376 396 395 402 409 413 393 366 351 325 285 285 286 303 306 293 279 265 251 228 201 177 187 209 238 238
-9999 -9999 -9999 -9999 -9999 -9999 -9999 -9999 -9999 -9999 -9999 -9999 -9999 -9999 -9999 -9999 -9999 -9999 -9999 -9999 -9999 407 406 396 374 347 343 337 330 309 275 257 239 229 212 212 211 227 219 193 177 178 177 184 183 177 179 186 189 197 209 209 191 177 177 177 177 230 253 271 293 317 346 377 400 421 409 387 381 371 351 335 308 265 258 257 265 284 273 260 233 215 198 177 181 211 244 286 269
-9999 -9999 -9999 -9999 -9999 -9999 -9999 -9999 -9999 -9999 -9999 -9999 -9999 -9999 -9999 -9999 -9999 -9999 -9999 -9999 -9999 -9999 410 404 374 326 318 305 300 288 271 252 231 214 219 216 198 198 185 183 193 177 177 177 177 177 177 179 184 190 210 209 203 177 177 177 194 251 267 292 318 335 346 357 393 415 395 376 351 339 323 299 287 254 240 234 248 258 245 227 196 182 177 181 193 213 265 301 292
-9999 -9999 -9999 -9999 -9999 -9999 -9999 -9999 -9999 -9999 -9999 -9999 -9999 -9999 -9999 -9999 -9999 -9999 -9999 -9999 -9999 -9999 395 375 362 320 293 281 272 267 243 229 220 233 255 248 226 206 204 213 209 192 184 177 177 177 177 177 187 204 209 187 185 177 177 177 194 243 270 300 327 350 363 378 397 386 381 376 346 326 316 296 281 257 248 227 225 228 219 203 177 177 199 213 226 242 291 323 334
-9999 -9999 -9999 -9999 -9999 -9999 -9999 -9999 -9999 -9999 -9999 -9999 -9999 -9999 -9999 -9999 -9999 -9999 -9999 -9999 -9999 -9999 389 367 357 325 313 288 256 242 227 227 243 263 279 277 249 241 238 237 222 189 185 190 196 178 177 177 192 200 204 190 177 177 177 183 208 243 268 302 338 363 369 373 374 358 359 363 345 320 300 275 260 238 237 223 212 208 202 176 179 205 227 253 270 287 321 344 361
-9999 -9999 -9999 -9999 -9999 -9999 -9999 -9999 -9999 -9999 -9999 -9999 -9999 -9999 -9999 -9999 -9999 -9999 -9999 -9999 -9999 -9999 401 393 367 334 308 283 248 227 229 245 260 283 301 289 269 248 236 217 203 197 204 211 206 186 177 177 177 178 178 177 177 177 183 196 211 247 274 313 344 355 343 343 342 331 322 342 326 315 303 289 283 257 244 225 209 193 176 176 202 231 259 300 324 315 332 360 387
-9999 -9999 -9999 -9999 -9999 -9999 -9999 -9999 -9999 -9999 -9999 -9999 -9999 -9999 -9999 -9999 -9999 -9999 -9999 -9999 -9999 -9999 419 391 378 316 291 262 250 241 245 256 274 295 297 269 245 233 223 212 214 207 216 224 200 177 177 177 177 177 177 177 177 177 196 218 223 246 282 307 325 324 311 312 311 300 311 328 319 307 303 294 284 239 221 202 189 176 176 200 230 260 296 327 346 333 361 389 424
-9999 -9999 -9999 -9999 -9999 -9999 -9999 -9999 -9999 -9999 -9999 -9999 -9999 -9999 -9999 -9999 -9999 -9999 -9999 -9999 -9999 -9999 -9999 402 377 313 285 268 276 270 271 284 303 313 290 279 272 269 260 241 235 236 233 224 197 182 177 177 177 177 177 177 177 178 200 223 228 263 292 291 275 279 275 279 280 294 307 305 284 266 260 259 248 217 208 183 176 179 197 224 256 288 325 359 365 354 384 424 454
-9999 -9999 -9999 -9999 -9999 -9999 -9999 -9999 -9999 -9999 -9999 -9999 -9999 -9999 -9999 -9999 -9999 -9999 -9999 -9999 -9999 -9999 -9999 402 366 312 290 295 304 303 308 323 343 341 322 313 309 295 278 246 230 236 223 225 216 191 177 177 183 199 201 204 196 204 217 227 237 263 269 250 248 243 250 266 290 306 303 283 260 251 231 220 216 192 187 176 184 208 227 243 273 302 343 372 385 384 407 447 470
-9999 -9999 -9999 -9999 -9999 -9999 -9999 -9999 -9999 -9999 -9999 -9999 -9999 -9999 -9999 -9999 -9999 -9999 -9999 -9999 -9999 -9999 -9999 -9999 371 333 323 329 329 328 330 350 369 368 332 312 308 284 264 236 215 221 210 207 219 208 179 177 186 204 212 220 218 230 232 225 225 243 252 233 226 237 264 290 306 296 275 268 249 237 215 198 192 176 176 176 197 234 255 269 290 321 367 390 408 420 441 467 495
-9999 -9999 -9999 -9999 -9999 -9999 -9999 -9999 -9999 -9999 -9999 -9999 -9999 -9999 -9999 -9999 -9999 -9999 -9999 -9999 -9999 -9999 -9999 -9999 398 362 366 367 361 348 358 379 383 360 318 295 290 286 254 231 206 207 204 188 204 212 195 177 190 204 217 230 228 214 210 215 206 230 235 224 241 267 294 290 270 259 251 246 233 226 218 187 176 176 188 191 214 248 278 307 332 367 386 390 404 421 447 474 502
-9999 -9999 -9999 -9999 -9999 -9999 -9999 -9999 -9999 -9999 -9999 -9999 -9999 -9999 -9999 -9999 -9999 -9999 -9999 -9999 -9999 -9999 -9999 -9999 413 384 391 406 391 379 380 390 378 350 320 301 276 271 256 229 206 206 196 181 186 196 192 177 177 197 222 216 212 198 195 195 194 212 212 225 262 279 280 263 237 233 239 224 207 202 211 185 176 188 212 203 233 272 309 339 355 378 383 400 414 432 -9999 -9999 -9999
-9999 -9999 -9999 -9999 -9999 -9999 -9999 -9999 -9999 -9999 -9999 -9999 -9999 -9999 -9999 -9999 -9999 -9999 -9999 -9999 -9999 -9999 -9999 -9999 411 407 409 428 426 412 387 372 366 346 319 301 276 258 245 236 219 221 213 206 177 177 177 177 177 196 199 183 185 186 180 180 191 226 239 254 260 254 249 242 232 216 226 224 202 183 176 176 176 224 230 219 243 284 323 352 370 378 388 400 412 -9999 -9999 -9999 -9999
-9999 -9999 -9999 -9999 -9999 -9999 -9999 -9999 -9999 -9999 -9999 -9999 -9999 -9999 -9999 -9999 -9999 -9999 -9999 -9999 -9999 -9999 -9999 -9999 -9999 438 441 449 448 430 383 352 352 349 321 295 279 279 277 258 254 223 205 194 177 177 177 177 177 177 177 175 188 180 180 201 216 226 248 259 245 236 230 227 218 206 205 216 199 176 176 176 193 241 243 254 277 291 320 354 362 364 382 388 406 -9999 -9999 -9999 -9999
-9999 -9999 -9999 -9999 -9999 -9999 -9999 -9999 -9999 -9999 -9999 -9999 -9999 -9999 -9999 -9999 -9999 -9999 -9999 -9999 -9999 -9999 -9999 -9999 -9999 -9999 447 462 458 424 379 344 333 324 313 299 291 291 277 272 264 216 196 188 180 177 181 185 183 188 190 175 175 175 180 197 217 212 241 245 225 218 216 206 200 187 183 188 176 176 191 217 240 262 271 282 307 301 321 341 360 368 369 393 -9999 -9999 -9999 -9999 -9999
-9999 -9999 -9999 -9999 -9999 -9999 -9999 -9999 -9999 -9999 -9999 -9999 -9999 -9999 -9999 -9999 -9999 -9999 -9999 -9999 -9999 -9999 -9999 -9999 -9999 -9999 462 459 427 395 370 339 314 313 315 328 307 287 286 284 257 228 216 213 206 186 205 225 221 215 195 175 175 175 187 208 210 193 221 232 217 203 192 187 173 173 173 176 190 208 227 253 277 303 311 316 321 301 314 345 367 363 359 382 -9999 -9999 -9999 -9999 -9999
-9999 -9999 -9999 -9999 -9999 -9999 -9999 -9999 -9999 -9999 -9999 -9999 -9999 -9999 -9999 -9999 -9999 -9999 -9999 -9999 -9999 -9999 -9999 -9999 -9999 -9999 467 440 402 371 351 331 316 313 314 335 311 289 297 294 278 229 231 234 220 218 231 223 222 219 192 175 175 175 185 192 191 204 224 217 198 177 173 173 173 173 179 203 213 226 244 282 311 346 347 344 331 323 324 341 347 353 368 386 -9999 -9999 -9999 -9999 -9999
-9999 -9999 -9999 -9999 -9999 -9999 -9999 -9999 -9999 -9999 -9999 -9999 -9999 -9999 -9999 -9999 -9999 -9999 -9999 -9999 -9999 -9999 -9999 -9999 -9999 -9999 455 427 399 373 345 335 330 317 321 321 310 305 314 314 308 258 255 255 244 243 231 216 213 204 183 175 175 186 173 173 173 206 209 203 187 173 173 173 173 183 209 228 225 236 261 304 333 372 372 368 352 336 334 338 348 377 388 -9999 -9999 -9999 -9999 -9999 -9999
-9999 -9999 -9999 -9999 -9999 -9999 -9999 -9999 -9999 -9999 -9999 -9999 -9999 -9999 -9999 -9999 -9999 -9999 -9999 -9999 -9999 -9999 -9999 -9999 -9999 -9999 457 428 395 382 374 361 358 342 331 319 317 325 341 345 334 297 280 276 268 269 245 227 218 197 177 183 188 200 173 173 173 173 175 176 173 173 173 173 189 219 240 242 252 264 286 330 366 389 381 370 360 344 334 334 356 371 -9999 -9999 -9999 -9999 -9999 -9999 -9999
