Input/Spatial/dem.asc
ncols         129
nrows         169
xllcorner     467968.68340708
yllcorner     2628209.6290321
cellsize      90.214450772628
NODATA_value  -9999
[rows 117 to 155 of 169, columns 0 to 88 of 129]
-9999 -9999 -9999 -9999 -9999 -9999 -9999 -9999 -9999 -9999 -9999 -9999 -9999 -9999 -9999 -9999 -9999 -9999 -9999 -9999 -9999 -9999 -9999 -9999 -9999 -9999 491 460 437 427 411 388 389 361 347 343 333 354 380 386 351 304 288 284 280 286 260 242 228 212 193 196 202 204 179 173 173 173 173 173 173 173 177 200 219 246 266 274 285 303 335 373 400 387 372 360 348 335 334 335 362 -9999 -9999 -9999 -9999 -9999 -9999 -9999 -9999
-9999 -9999 -9999 -9999 -9999 -9999 -9999 -9999 -9999 -9999 -9999 -9999 -9999 -9999 -9999 -9999 -9999 -9999 -9999 -9999 -9999 -9999 -9999 -9999 -9999 -9999 512 508 475 461 443 427 405 390 380 365 363 391 417 400 366 303 291 295 303 290 262 239 216 210 198 197 201 195 173 173 173 173 173 173 184 190 197 222 247 268 279 291 311 333 367 400 422 390 384 360 359 340 334 334 353 -9999 -9999 -9999 -9999 -9999 -9999 -9999 -9999
-9999 -9999 -9999 -9999 -9999 -9999 -9999 -9999 -9999 -9999 -9999 -9999 -9999 -9999 -9999 -9999 -9999 -9999 -9999 -9999 -9999 -9999 -9999 -9999 -9999 -9999 -9999 547 532 506 474 452 415 419 404 382 387 399 399 393 376 324 319 316 300 293 281 256 230 224 212 209 203 198 192 173 173 173 173 173 184 192 188 217 265 292 301 306 326 352 383 397 417 404 381 369 355 350 350 347 361 -9999 -9999 -9999 -9999 -9999 -9999 -9999 -9999
-9999 -9999 -9999 -9999 -9999 -9999 -9999 -9999 -9999 -9999 -9999 -9999 -9999 -9999 -9999 -9999 -9999 -9999 -9999 -9999 -9999 -9999 -9999 -9999 -9999 -9999 -9999 -9999 -9999 -9999 504 479 461 455 430 388 369 360 358 362 354 319 305 296 279 272 265 254 226 216 210 194 193 186 173 173 175 182 173 173 184 185 184 203 248 291 335 329 333 357 375 401 423 403 376 388 377 362 367 354 367 -9999 -9999 -9999 -9999 -9999 -9999 -9999 -9999
-9999 -9999 -9999 -9999 -9999 -9999 -9999 -9999 -9999 -9999 -9999 -9999 -9999 -9999 -9999 -9999 -9999 -9999 -9999 -9999 -9999 -9999 -9999 -9999 -9999 -9999 -9999 -9999 -9999 -9999 -9999 488 477 462 438 396 367 339 330 336 331 306 291 287 272 257 248 230 216 209 196 180 174 173 173 188 205 173 173 173 178 172 172 191 228 282 337 346 357 356 368 396 425 405 392 400 384 381 369 355 -9999 -9999 -9999 -9999 -9999 -9999 -9999 -9999 -9999
-9999 -9999 -9999 -9999 -9999 -9999 -9999 -9999 -9999 -9999 -9999 -9999 -9999 -9999 -9999 -9999 -9999 -9999 -9999 -9999 -9999 -9999 -9999 -9999 -9999 -9999 -9999 -9999 -9999 -9999 -9999 484 462 443 436 408 379 335 313 303 297 301 286 274 268 253 245 222 209 206 192 173 173 182 197 211 218 192 182 182 173 172 172 175 213 266 338 346 355 349 348 371 380 410 407 397 402 395 381 368 -9999 -9999 -9999 -9999 -9999 -9999 -9999 -9999 -9999
-9999 -9999 -9999 -9999 -9999 -9999 -9999 -9999 -9999 -9999 -9999 -9999 -9999 -9999 -9999 -9999 -9999 -9999 -9999 -9999 -9999 -9999 -9999 -9999 -9999 -9999 -9999 -9999 -9999 -9999 -9999 478 459 432 418 396 372 342 312 287 279 296 271 248 238 231 228 223 196 185 180 173 174 194 214 228 244 230 214 204 201 193 172 172 184 232 312 339 342 334 348 371 380 410 407 397 402 -9999 -9999 -9999 -9999 -9999 -9999 -9999 -9999 -9999 -9999 -9999 -9999
-9999 -9999 -9999 -9999 -9999 -9999 -9999 -9999 -9999 -9999 -9999 -9999 -9999 -9999 -9999 -9999 -9999 -9999 -9999 -9999 -9999 -9999 -9999 -9999 -9999 -9999 -9999 -9999 -9999 -9999 466 464 446 426 396 386 372 345 310 283 277 283 254 227 208 200 199 201 185 189 195 186 186 202 222 237 259 257 214 204 201 193 172 172 184 232 312 339 342 334 351 368 362 386 379 375 382 -9999 -9999 -9999 -9999 -9999 -9999 -9999 -9999 -9999 -9999 -9999 -9999
-9999 -9999 -9999 -9999 -9999 -9999 -9999 -9999 -9999 -9999 -9999 -9999 -9999 -9999 -9999 -9999 -9999 -9999 -9999 -9999 -9999 -9999 -9999 -9999 -9999 -9999 -9999 -9999 -9999 -9999 441 456 447 416 371 354 336 323 296 272 267 251 233 215 201 200 199 201 185 189 195 186 186 202 222 237 259 257 243 234 217 189 172 172 173 216 286 328 334 327 345 363 353 357 349 347 356 355 -9999 -9999 -9999 -9999 -9999 -9999 -9999 -9999 -9999 -9999 -9999
-9999 -9999 -9999 -9999 -9999 -9999 -9999 -9999 -9999 -9999 -9999 -9999 -9999 -9999 -9999 -9999 -9999 -9999 -9999 -9999 -9999 -9999 -9999 -9999 -9999 -9999 -9999 -9999 -9999 445 425 439 435 399 371 354 336 323 296 272 267 251 233 215 201 195 185 185 199 218 205 197 196 209 236 249 273 271 251 232 213 181 172 172 185 201 263 296 318 331 347 345 353 334 338 338 339 327 -9999 -9999 -9999 -9999 -9999 -9999 -9999 -9999 -9999 -9999 -9999
-9999 -9999 -9999 -9999 -9999 -9999 -9999 -9999 -9999 -9999 -9999 -9999 -9999 -9999 -9999 -9999 -9999 -9999 -9999 -9999 -9999 -9999 -9999 -9999 -9999 -9999 -9999 -9999 -9999 445 425 439 435 399 361 326 306 300 278 265 250 247 225 215 209 209 196 210 225 216 210 220 217 233 260 277 283 253 226 210 194 172 172 172 194 207 249 286 301 320 339 331 330 325 326 326 319 305 -9999 -9999 -9999 -9999 -9999 -9999 -9999 -9999 -9999 -9999 -9999
-9999 -9999 -9999 -9999 -9999 -9999 -9999 -9999 -9999 -9999 -9999 -9999 -9999 -9999 -9999 -9999 -9999 -9999 -9999 -9999 -9999 -9999 -9999 -9999 -9999 -9999 -9999 -9999 -9999 444 422 426 410 373 354 327 294 290 270 255 278 274 255 241 225 211 220 232 229 226 225 233 230 250 278 291 282 257 225 198 180 172 172 172 178 205 243 264 282 304 327 310 303 292 295 291 297 295 302 -9999 -9999 -9999 -9999 -9999 -9999 -9999 -9999 -9999 -9999
-9999 -9999 -9999 -9999 -9999 -9999 -9999 -9999 -9999 -9999 -9999 -9999 -9999 -9999 -9999 -9999 -9999 -9999 -9999 -9999 -9999 -9999 -9999 -9999 -9999 -9999 -9999 -9999 -9999 -9999 -9999 411 394 355 338 323 296 287 289 282 290 271 252 234 228 233 256 261 253 255 249 252 233 255 279 264 278 256 236 213 185 172 172 172 175 207 239 248 269 296 300 289 268 272 278 289 297 284 279 282 -9999 -9999 -9999 -9999 -9999 -9999 -9999 -9999 -9999
-9999 -9999 -9999 -9999 -9999 -9999 -9999 -9999 -9999 -9999 -9999 -9999 -9999 -9999 -9999 -9999 -9999 -9999 -9999 -9999 -9999 -9999 -9999 -9999 -9999 -9999 -9999 -9999 -9999 -9999 -9999 -9999 370 344 330 328 314 306 309 293 268 260 248 246 253 255 270 286 273 264 259 260 254 263 266 245 263 253 231 209 175 172 172 172 176 214 235 236 258 253 263 266 239 247 262 272 275 258 259 274 -9999 -9999 -9999 -9999 -9999 -9999 -9999 -9999 -9999
-9999 -9999 -9999 -9999 -9999 -9999 -9999 -9999 -9999 -9999 -9999 -9999 -9999 -9999 -9999 -9999 -9999 -9999 -9999 -9999 -9999 -9999 -9999 -9999 -9999 -9999 -9999 -9999 -9999 -9999 -9999 -9999 359 -9999 -9999 338 344 323 317 282 255 255 266 270 277 279 289 299 281 275 272 277 264 259 260 249 236 226 212 205 188 172 172 172 189 215 214 232 237 228 238 240 203 221 232 258 252 244 264 -9999 -9999 -9999 -9999 -9999 -9999 -9999 -9999 -9999 -9999
-9999 -9999 -9999 -9999 -9999 -9999 -9999 -9999 -9999 -9999 -9999 -9999 -9999 -9999 -9999 -9999 -9999 -9999 -9999 -9999 -9999 -9999 -9999 -9999 -9999 -9999 -9999 -9999 -9999 -9999 -9999 -9999 -9999 -9999 -9999 -9999 -9999 -9999 308 286 277 281 301 305 310 304 307 299 277 268 270 274 262 241 232 231 224 214 207 185 176 172 172 172 183 181 199 213 201 206 210 202 192 208 233 250 241 242 267 -9999 -9999 -9999 -9999 -9999 -9999 -9999 -9999 -9999 -9999
-9999 -9999 -9999 -9999 -9999 -9999 -9999 -9999 -9999 -9999 -9999 -9999 -9999 -9999 -9999 -9999 -9999 -9999 -9999 -9999 -9999 -9999 -9999 -9999 -9999 -9999 -9999 -9999 -9999 -9999 -9999 -9999 -9999 -9999 -9999 -9999 -9999 -9999 312 310 297 303 325 336 338 324 299 274 258 245 257 259 254 230 206 208 216 199 189 172 172 172 172 172 172 174 183 186 176 180 180 184 202 209 213 226 229 251 274 -9999 -9999 -9999 -9999 -9999 -9999 -9999 -9999 -9999 -9999
-9999 -9999 -9999 -9999 -9999 -9999 -9999 -9999 -9999 -9999 -9999 -9999 -9999 -9999 -9999 -9999 -9999 -9999 -9999 -9999 -9999 -9999 -9999 -9999 -9999 -9999 -9999 -9999 -9999 -9999 -9999 -9999 -9999 -9999 -9999 -9999 -9999 -9999 -9999 -9999 -9999 325 346 354 349 328 304 266 245 227 239 247 226 202 187 182 185 172 172 172 172 176 187 186 187 181 172 176 173 184 197 198 190 190 205 226 246 265 279 -9999 -9999 -9999 265 -9999 -9999 -9999 -9999 -9999 -9999
-9999 -9999 -9999 -9999 -9999 -9999 -9999 -9999 -9999 -9999 -9999 -9999 -9999 -9999 -9999 -9999 -9999 -9999 -9999 -9999 -9999 -9999 -9999 -9999 -9999 -9999 -9999 -9999 -9999 -9999 -9999 -9999 -9999 -9999 -9999 -9999 -9999 -9999 -9999 -9999 -9999 -9999 345 337 328 316 294 266 242 222 225 223 196 190 175 172 172 172 172 172 173 182 193 195 184 181 172 172 172 185 197 181 180 192 225 241 252 266 264 259 247 250 241 -9999 -9999 -9999 -9999 -9999 -9999
-9999 -9999 -9999 -9999 -9999 -9999 -9999 -9999 -9999 -9999 -9999 -9999 -9999 -9999 -9999 -9999 -9999 -9999 -9999 -9999 -9999 -9999 -9999 -9999 -9999 -9999 -9999 -9999 -9999 -9999 -9999 -9999 -9999 -9999 -9999 -9999 -9999 -9999 -9999 -9999 -9999 341 326 314 306 300 269 237 215 201 200 200 206 201 197 187 172 172 172 172 172 188 195 186 172 172 172 174 181 201 207 178 178 192 215 244 259 240 235 237 233 240 228 -9999 -9999 -9999 -9999 -9999 -9999
-9999 -9999 -9999 -9999 -9999 -9999 -9999 -9999 -9999 -9999 -9999 -9999 -9999 -9999 -9999 -9999 -9999 -9999 -9999 -9999 -9999 -9999 -9999 -9999 -9999 -9999 -9999 -9999 -9999 -9999 -9999 -9999 -9999 -9999 -9999 -9999 -9999 -9999 -9999 -9999 -9999 333 314 296 275 271 257 234 216 218 210 228 230 221 209 181 172 172 177 189 209 206 199 192 172 172 172 182 201 197 198 180 178 196 227 253 244 224 230 229 219 232 217 224 -9999 -9999 -9999 -9999 -9999
-9999 -9999 -9999 -9999 -9999 -9999 -9999 -9999 -9999 -9999 -9999 -9999 -9999 -9999 -9999 -9999 -9999 -9999 -9999 -9999 -9999 -9999 -9999 -9999 -9999 -9999 -9999 -9999 -9999 -9999 -9999 -9999 -9999 -9999 -9999 -9999 -9999 -9999 -9999 -9999 -9999 309 301 297 294 299 279 247 241 250 243 243 244 230 198 172 173 187 193 209 212 181 173 178 172 172 172 190 203 192 174 172 178 195 235 253 238 218 216 210 217 228 209 217 227 -9999 -9999 -9999 -9999
-9999 -9999 -9999 -9999 -9999 -9999 -9999 -9999 -9999 -9999 -9999 -9999 -9999 -9999 -9999 -9999 -9999 -9999 -9999 -9999 -9999 -9999 -9999 -9999 -9999 -9999 -9999 -9999 -9999 -9999 -9999 -9999 -9999 -9999 -9999 -9999 -9999 -9999 -9999 -9999 -9999 328 323 318 325 316 301 267 269 281 271 260 263 241 210 172 172 172 181 206 199 180 172 172 172 172 172 175 178 180 172 172 186 210 239 250 250 242 237 214 202 209 198 202 221 -9999 -9999 -9999 -9999
-9999 -9999 -9999 -9999 -9999 -9999 -9999 -9999 -9999 -9999 -9999 -9999 -9999 -9999 -9999 -9999 -9999 -9999 -9999 -9999 -9999 -9999 -9999 -9999 -9999 -9999 -9999 -9999 -9999 -9999 -9999 -9999 -9999 -9999 -9999 -9999 -9999 -9999 -9999 -9999 -9999 329 326 310 314 305 304 277 280 288 282 267 280 256 214 197 190 172 177 191 175 186 172 172 172 172 172 172 172 172 172 172 204 226 235 242 246 228 222 200 187 193 193 209 217 -9999 -9999 -9999 -9999
-9999 -9999 -9999 -9999 -9999 -9999 -9999 -9999 -9999 -9999 -9999 -9999 -9999 -9999 -9999 -9999 -9999 -9999 -9999 -9999 -9999 -9999 -9999 -9999 -9999 -9999 -9999 -9999 -9999 -9999 -9999 -9999 -9999 -9999 -9999 -9999 -9999 -9999 -9999 -9999 323 305 294 294 297 293 284 273 267 269 274 264 274 259 236 220 204 172 176 188 172 172 181 172 172 172 173 186 190 172 172 172 184 201 218 233 231 224 213 192 187 190 209 226 226 -9999 -9999 -9999 -9999
-9999 -9999 -9999 -9999 -9999 -9999 -9999 -9999 -9999 -9999 -9999 -9999 -9999 -9999 -9999 -9999 -9999 -9999 -9999 -9999 -9999 -9999 -9999 -9999 -9999 -9999 -9999 -9999 -9999 -9999 -9999 -9999 -9999 -9999 -9999 -9999 -9999 -9999 -9999 381 328 297 304 299 284 284 277 254 245 259 270 260 245 236 232 227 190 172 172 172 172 172 172 172 172 180 202 212 199 181 172 172 186 195 198 213 209 197 188 187 194 210 215 225 231 -9999 -9999 -9999 -9999
-9999 -9999 -9999 -9999 -9999 -9999 -9999 -9999 -9999 -9999 -9999 -9999 -9999 -9999 -9999 -9999 -9999 -9999 -9999 -9999 -9999 -9999 -9999 -9999 -9999 -9999 -9999 -9999 -9999 -9999 -9999 -9999 -9999 -9999 -9999 -9999 -9999 -9999 -9999 376 321 298 302 291 281 277 271 257 242 241 265 260 231 210 216 220 185 172 172 172 172 172 172 172 172 180 203 208 184 172 172 172 203 202 180 180 187 187 187 196 218 216 210 210 -9999 -9999 -9999 -9999 -9999
-9999 -9999 -9999 -9999 -9999 -9999 -9999 -9999 -9999 -9999 -9999 -9999 -9999 -9999 -9999 -9999 -9999 -9999 -9999 -9999 -9999 -9999 -9999 -9999 -9999 -9999 -9999 -9999 -9999 -9999 -9999 -9999 -9999 -9999 -9999 -9999 -9999 -9999 -9999 360 319 299 305 306 305 289 259 241 233 227 241 249 247 214 197 201 181 185 172 172 172 175 183 190 186 184 189 178 172 172 172 173 182 180 180 194 198 190 197 207 215 202 193 205 -9999 -9999 -9999 -9999 -9999
-9999 -9999 -9999 -9999 -9999 -9999 -9999 -9999 -9999 -9999 -9999 -9999 -9999 -9999 -9999 -9999 -9999 -9999 -9999 -9999 -9999 -9999 -9999 -9999 -9999 -9999 -9999 -9999 -9999 -9999 -9999 -9999 -9999 -9999 -9999 -9999 -9999 -9999 -9999 346 313 313 331 325 300 276 255 231 227 223 219 235 247 234 206 186 192 175 172 172 172 189 193 213 209 200 188 186 172 172 172 172 172 172 184 193 182 187 197 207 193 189 203 206 -9999 -9999 -9999 -9999 -9999
-9999 -9999 -9999 -9999 -9999 -9999 -9999 -9999 -9999 -9999 -9999 -9999 -9999 -9999 -9999 -9999 -9999 -9999 -9999 -9999 -9999 -9999 -9999 -9999 -9999 -9999 -9999 -9999 -9999 -9999 -9999 -9999 -9999 -9999 -9999 -9999 -9999 -9999 -9999 343 329 331 343 330 304 278 263 238 220 211 211 211 220 230 227 216 210 186 181 182 180 189 204 225 211 204 201 202 180 172 172 172 172 172 178 190 176 175 190 195 194 189 200 190 -9999 -9999 -9999 -9999 -9999
-9999 -9999 -9999 -9999 -9999 -9999 -9999 -9999 -9999 -9999 -9999 -9999 -9999 -9999 -9999 -9999 -9999 -9999 -9999 -9999 -9999 -9999 -9999 -9999 -9999 -9999 -9999 -9999 -9999 -9999 -9999 -9999 -9999 -9999 -9999 -9999 -9999 -9999 -9999 368 371 365 377 355 313 312 296 264 243 219 218 218 210 210 224 245 205 200 191 197 193 196 200 212 196 189 180 188 179 172 172 172 173 172 172 172 172 175 178 183 186 182 184 186 -9999 -9999 -9999 -9999 -9999
-9999 -9999 -9999 -9999 -9999 -9999 -9999 -9999 -9999 -9999 -9999 -9999 -9999 -9999 -9999 -9999 -9999 -9999 -9999 -9999 -9999 -9999 -9999 -9999 -9999 -9999 -9999 -9999 -9999 -9999 -9999 -9999 -9999 -9999 -9999 -9999 -9999 -9999 -9999 397 407 404 400 366 339 338 319 282 250 230 252 253 225 210 223 241 223 208 199 213 223 233 219 219 215 196 172 172 172 172 172 172 187 194 186 172 172 172 172 180 180 172 174 195 -9999 -9999 -9999 -9999 -9999
-9999 -9999 -9999 -9999 -9999 -9999 -9999 -9999 -9999 -9999 -9999 -9999 -9999 -9999 -9999 -9999 -9999 -9999 -9999 -9999 -9999 -9999 -9999 -9999 -9999 -9999 -9999 -9999 -9999 -9999 -9999 -9999 -9999 -9999 -9999 -9999 -9999 -9999 -9999 406 433 417 399 378 362 346 320 277 245 241 265 246 229 210 210 213 222 220 227 230 234 230 243 238 227 206 188 172 172 172 175 192 221 221 204 199 196 172 172 172 172 172 175 187 193 195 -9999 -9999 -9999
-9999 -9999 -9999 -9999 -9999 -9999 -9999 -9999 -9999 -9999 -9999 -9999 -9999 -9999 -9999 -9999 -9999 -9999 -9999 -9999 -9999 -9999 -9999 -9999 -9999 -9999 -9999 -9999 -9999 -9999 -9999 -9999 -9999 -9999 -9999 -9999 -9999 -9999 -9999 410 447 428 405 370 340 320 298 263 244 265 283 272 246 238 214 200 217 226 240 237 214 205 230 218 202 191 172 172 172 172 180 210 236 241 225 205 188 183 177 174 172 172 179 192 180 189 -9999 -9999 -9999
-9999 -9999 -9999 -9999 -9999 -9999 -9999 -9999 -9999 -9999 -9999 -9999 -9999 -9999 -9999 -9999 -9999 -9999 -9999 -9999 -9999 -9999 -9999 -9999 -9999 -9999 -9999 -9999 -9999 -9999 -9999 -9999 -9999 -9999 -9999 -9999 -9999 440 417 405 434 424 395 353 323 298 269 255 276 294 301 302 282 262 228 206 191 203 207 197 189 172 172 185 172 172 172 172 172 184 203 220 257 257 235 207 197 201 199 181 172 172 172 173 182 -9999 -9999 -9999 -9999
-9999 -9999 -9999 -9999 -9999 -9999 -9999 -9999 -9999 -9999 -9999 -9999 -9999 -9999 -9999 -9999 -9999 -9999 -9999 -9999 -9999 -9999 -9999 -9999 -9999 -9999 -9999 -9999 -9999 -9999 -9999 -9999 -9999 -9999 -9999 463 446 435 416 401 412 395 366 334 306 288 271 283 324 340 332 332 295 259 240 212 172 179 172 172 172 172 172 172 184 172 172 172 197 207 233 256 267 257 229 206 196 196 194 177 172 172 181 177 183 -9999 -9999 -9999 -9999
-9999 -9999 -9999 -9999 -9999 -9999 -9999 -9999 -9999 -9999 -9999 -9999 -9999 -9999 -9999 -9999 -9999 -9999 -9999 -9999 -9999 -9999 -9999 -9999 -9999 -9999 -9999 -9999 -9999 -9999 -9999 -9999 -9999 -9999 -9999 448 430 415 403 396 381 356 334 309 304 309 287 320 350 369 374 341 318 286 246 207 172 172 172 177 172 179 191 196 201 200 181 191 217 238 264 291 254 235 222 212 199 188 182 173 172 172 179 181 177 -9999 -9999 -9999 -9999
-9999 -9999 -9999 -9999 -9999 -9999 -9999 -9999 -9999 -9999 -9999 -9999 -9999 -9999 -9999 -9999 -9999 -9999 -9999 -9999 -9999 -9999 -9999 -9999 -9999 -9999 -9999 -9999 -9999 -9999 -9999 -9999 -9999 -9999 -9999 451 428 402 388 367 370 350 323 304 321 323 312 343 365 387 389 362 334 293 256 241 192 172 172 177 197 210 225 226 -9999 -9999 216 229 250 274 295 311 267 234 207 203 192 184 178 176 172 172 186 190 181 -9999 -9999 -9999 -9999
-9999 -9999 -9999 -9999 -9999 -9999 -9999 -9999 -9999 -9999 -9999 -9999 -9999 -9999 -9999 -9999 -9999 -9999 -9999 -9999 -9999 -9999 -9999 -9999 -9999 -9999 -9999 -9999 -9999 -9999 -9999 -9999 -9999 -9999 -9999 446 419 389 369 345 349 327 309 307 344 360 353 366 385 408 413 373 338 297 278 257 195 176 172 186 -9999 -9999 -9999 -9999 -9999 -9999 -9999 -9999 -9999 -9999 -9999 295 252 227 209 202 196 193 184 172 172 172 186 -9999 -9999 -9999 -9999 -9999 -9999
