Input/Spatial/dem.asc
ncols         129
nrows         169
xllcorner     467968.68340708
yllcorner     2628209.6290321
cellsize      90.214450772628
NODATA_value  -9999
[rows 39 to 77 of 169, columns 0 to 88 of 129]
-9999 -9999 -9999 -9999 -9999 -9999 -9999 -9999 -9999 -9999 -9999 -9999 -9999 -9999 -9999 -9999 -9999 -9999 -9999 -9999 559 557 562 548 540 525 526 489 469 464 475 468 463 459 438 433 433 433 436 432 435 434 428 422 431 426 411 403 409 405 395 386 384 406 412 423 438 452 477 457 438 433 417 402 396 396 396 409 425 432 445 476 512 538 564 582 591 591 589 577 539 520 507 491 484 479 479 467 479
-9999 -9999 -9999 -9999 -9999 -9999 -9999 -9999 -9999 -9999 -9999 -9999 -9999 -9999 -9999 -9999 -9999 -9999 -9999 -9999 552 564 559 541 531 520 516 478 469 450 449 449 450 452 440 440 437 426 421 415 410 414 413 421 421 410 407 397 408 405 396 387 384 393 405 411 419 444 461 443 431 414 407 396 396 396 409 417 435 439 451 466 497 529 548 587 594 584 590 585 554 537 513 494 483 477 462 463 484
-9999 -9999 -9999 -9999 -9999 -9999 -9999 -9999 -9999 -9999 -9999 -9999 -9999 -9999 -9999 -9999 -9999 -9999 -9999 549 558 566 553 531 521 503 497 460 442 428 438 433 434 438 437 434 428 425 425 401 396 406 414 403 410 395 399 391 403 395 397 395 384 396 400 399 420 439 441 413 406 395 396 396 411 405 403 416 441 460 473 489 495 505 523 570 574 572 560 552 543 526 501 485 474 457 453 458 472
-9999 -9999 -9999 -9999 -9999 -9999 -9999 -9999 -9999 -9999 -9999 -9999 -9999 -9999 -9999 -9999 -9999 -9999 540 542 538 541 538 523 511 492 479 445 429 419 413 416 409 411 423 416 401 401 412 401 389 398 412 388 399 391 394 398 388 387 403 395 384 384 396 406 414 418 415 382 382 391 403 414 432 420 414 424 443 465 468 463 466 481 506 540 550 556 547 538 520 505 488 472 464 461 466 451 452
-9999 -9999 -9999 -9999 -9999 -9999 -9999 -9999 -9999 -9999 -9999 -9999 -9999 -9999 -9999 -9999 -9999 -9999 510 510 501 516 518 515 504 488 466 423 414 401 401 397 390 408 406 405 389 392 391 387 393 394 399 383 386 386 379 385 385 386 400 395 384 388 393 412 414 405 395 382 384 387 407 426 442 441 431 435 448 454 451 437 446 470 496 520 527 543 549 532 513 500 483 473 475 475 473 451 451
-9999 -9999 -9999 -9999 -9999 -9999 -9999 -9999 -9999 -9999 -9999 -9999 -9999 -9999 -9999 -9999 -9999 -9999 492 473 480 489 491 502 501 479 462 421 405 395 386 378 386 393 383 388 383 387 377 375 385 393 393 381 369 377 361 366 382 383 391 375 388 385 382 396 407 394 389 366 367 389 415 429 452 463 440 431 432 437 435 430 448 459 471 508 521 531 542 531 506 498 488 478 469 472 470 458 462
-9999 -9999 -9999 -9999 -9999 -9999 -9999 -9999 -9999 -9999 -9999 -9999 -9999 -9999 -9999 -9999 -9999 -9999 487 469 467 469 475 492 487 462 448 420 398 385 374 369 367 370 367 381 378 375 370 366 390 388 397 375 360 353 351 367 386 381 367 374 394 382 367 375 388 378 373 346 369 407 425 441 454 456 435 419 423 424 441 428 439 452 470 501 504 515 527 524 508 492 477 472 461 461 461 466 462
-9999 -9999 -9999 -9999 -9999 -9999 -9999 -9999 -9999 -9999 -9999 -9999 -9999 -9999 -9999 -9999 -9999 471 469 459 458 461 458 470 472 449 437 410 387 373 360 352 347 350 349 369 377 369 356 365 367 370 377 376 372 354 338 369 383 375 364 373 378 371 352 355 362 346 338 355 386 421 441 446 433 434 425 414 414 428 437 424 426 435 457 488 489 503 516 511 506 498 489 475 469 466 468 476 462
-9999 -9999 -9999 -9999 -9999 -9999 -9999 -9999 -9999 -9999 -9999 -9999 -9999 -9999 -9999 -9999 473 463 460 447 451 453 444 455 456 446 429 405 397 383 359 341 336 334 347 360 363 379 372 356 350 362 367 359 354 339 337 360 378 370 355 358 354 351 340 329 321 312 332 384 409 428 438 444 429 424 416 404 409 422 420 411 420 419 444 482 491 500 501 487 486 486 487 481 470 466 476 465 451
-9999 -9999 -9999 -9999 -9999 -9999 -9999 -9999 -9999 -9999 -9999 -9999 -9999 -9999 -9999 -9999 485 471 459 446 443 441 436 441 450 448 428 396 392 383 369 351 335 331 339 346 351 368 376 365 347 349 358 343 331 323 338 348 361 364 344 334 327 318 316 313 312 338 365 407 416 437 442 434 422 419 407 398 397 406 409 409 414 427 436 481 497 505 504 485 476 477 485 485 479 477 472 463 444
-9999 -9999 -9999 -9999 -9999 -9999 -9999 -9999 -9999 -9999 -9999 -9999 -9999 -9999 -9999 -9999 -9999 488 479 457 441 435 435 442 451 446 427 402 389 384 376 368 349 340 329 336 347 357 368 364 362 340 333 310 313 332 333 338 357 361 341 317 301 291 302 309 328 354 367 413 423 435 449 434 425 427 423 399 396 396 412 420 432 453 454 470 486 497 492 479 463 469 477 481 484 484 470 453 436
-9999 -9999 -9999 -9999 -9999 -9999 -9999 -9999 -9999 -9999 -9999 -9999 -9999 -9999 -9999 -9999 -9999 -9999 475 455 448 438 435 436 446 437 415 398 403 392 371 367 360 350 338 329 329 339 352 364 368 346 320 299 312 316 325 331 351 357 341 317 291 302 327 338 350 363 373 410 420 421 447 436 440 441 428 406 396 400 411 423 443 467 471 462 479 475 453 448 446 468 477 477 485 477 462 436 416
-9999 -9999 -9999 -9999 -9999 -9999 -9999 -9999 -9999 -9999 -9999 -9999 -9999 -9999 -9999 -9999 -9999 -9999 -9999 462 457 448 435 435 436 433 422 405 419 398 370 365 351 352 348 336 329 329 333 351 364 349 327 289 273 280 270 299 313 340 316 302 291 325 348 357 361 367 376 402 411 411 426 442 436 436 414 396 396 407 419 424 445 471 482 475 479 473 457 438 432 457 459 454 467 453 436 422 403
-9999 -9999 -9999 -9999 -9999 -9999 -9999 -9999 -9999 -9999 -9999 -9999 -9999 -9999 -9999 -9999 -9999 -9999 -9999 -9999 460 454 437 422 421 424 424 418 420 416 382 367 362 356 361 341 329 329 329 323 332 318 324 298 269 247 259 269 285 315 294 279 295 338 340 350 363 371 385 398 401 398 412 426 432 413 396 405 406 401 416 426 442 460 471 465 464 463 452 439 431 438 438 438 437 426 422 407 380
-9999 -9999 -9999 -9999 -9999 -9999 -9999 -9999 -9999 -9999 -9999 -9999 -9999 -9999 -9999 -9999 -9999 -9999 -9999 -9999 462 460 450 437 425 409 405 424 418 418 392 380 375 364 351 329 333 349 358 339 320 298 294 295 276 250 244 256 266 285 277 281 312 334 328 355 375 380 381 401 402 389 389 410 412 397 396 421 417 403 420 435 446 464 477 444 447 435 430 438 420 421 422 410 403 401 401 396 383
-9999 -9999 -9999 -9999 -9999 -9999 -9999 -9999 -9999 -9999 -9999 -9999 -9999 -9999 -9999 -9999 -9999 -9999 -9999 -9999 475 467 459 443 437 426 405 408 406 410 413 397 381 370 341 333 356 360 374 363 336 301 285 290 284 260 256 244 246 253 257 286 320 312 330 354 381 377 378 399 398 393 385 385 384 384 405 427 419 415 424 436 450 472 484 440 426 425 428 436 419 427 421 405 381 373 360 383 389
-9999 -9999 -9999 -9999 -9999 -9999 -9999 -9999 -9999 -9999 -9999 -9999 -9999 -9999 -9999 -9999 -9999 -9999 -9999 -9999 485 475 471 465 434 422 408 405 402 405 400 391 385 362 347 355 367 379 377 356 338 327 304 277 268 263 262 258 242 223 219 278 307 314 346 360 383 387 390 395 401 395 383 369 378 388 404 418 422 429 444 452 449 462 473 437 419 418 425 418 401 406 394 374 355 336 342 384 399
-9999 -9999 -9999 -9999 -9999 -9999 -9999 -9999 -9999 -9999 -9999 -9999 -9999 -9999 -9999 -9999 -9999 -9999 -9999 -9999 494 482 473 459 444 434 429 409 402 397 389 381 367 357 358 378 389 386 381 369 363 347 324 291 283 282 261 252 235 210 245 273 308 332 351 356 369 386 392 403 396 389 368 368 390 391 390 407 421 440 449 440 431 443 466 439 410 394 390 377 377 383 367 355 333 333 359 395 408
-9999 -9999 -9999 -9999 -9999 -9999 -9999 -9999 -9999 -9999 -9999 -9999 -9999 -9999 -9999 -9999 -9999 -9999 -9999 522 502 492 488 472 468 447 441 406 394 392 410 407 397 391 378 393 390 387 381 375 369 351 327 299 301 288 252 235 210 210 230 278 303 322 337 341 357 374 387 409 386 381 368 368 381 399 401 405 418 430 434 415 419 428 449 434 415 399 383 367 354 349 345 350 333 341 361 382 385
-9999 -9999 -9999 -9999 -9999 -9999 -9999 -9999 -9999 -9999 -9999 -9999 -9999 -9999 -9999 -9999 -9999 -9999 -9999 526 512 507 496 480 469 460 440 403 399 407 422 422 410 401 396 396 393 380 383 384 374 347 326 292 290 284 257 232 212 210 238 271 293 313 330 347 364 384 392 406 387 368 370 380 386 407 414 418 417 426 422 402 406 410 430 414 407 403 385 369 342 322 322 332 327 327 358 366 356
-9999 -9999 -9999 -9999 -9999 -9999 -9999 -9999 -9999 -9999 -9999 -9999 -9999 -9999 -9999 -9999 -9999 -9999 532 512 502 500 480 469 451 443 429 412 404 417 431 428 410 417 405 386 383 380 382 387 371 346 326 277 265 255 242 243 231 210 228 254 281 306 333 350 362 377 381 401 374 368 384 392 399 410 412 409 411 422 414 403 393 392 398 393 378 382 369 355 343 331 326 319 306 325 343 350 336
-9999 -9999 -9999 -9999 -9999 -9999 -9999 -9999 -9999 -9999 -9999 -9999 -9999 -9999 -9999 -9999 -9999 532 519 492 482 477 473 457 437 429 430 414 410 417 423 416 422 423 405 390 380 380 388 384 360 338 313 277 275 262 231 219 212 210 211 238 281 305 320 346 363 376 373 370 357 374 393 406 413 405 384 386 398 407 417 417 401 387 378 377 363 358 364 357 368 369 349 328 306 300 313 332 339
-9999 -9999 -9999 -9999 -9999 -9999 -9999 -9999 -9999 -9999 -9999 -9999 -9999 -9999 -9999 -9999 -9999 513 505 486 472 467 450 443 445 444 438 430 428 433 431 424 424 419 414 390 385 380 388 382 362 324 308 297 282 249 226 229 232 215 210 225 267 297 312 333 362 369 358 357 364 390 401 411 395 377 371 381 395 411 422 413 393 375 362 378 358 341 340 353 375 376 362 343 317 290 310 331 315
-9999 -9999 -9999 -9999 -9999 -9999 -9999 -9999 -9999 -9999 -9999 -9999 -9999 -9999 -9999 -9999 -9999 496 491 481 463 454 452 455 458 447 444 444 445 443 442 433 412 403 407 392 379 378 390 378 357 347 330 289 262 244 241 251 253 229 210 214 253 296 296 301 339 357 353 393 403 412 409 400 384 370 369 384 394 414 420 416 392 364 356 377 373 341 330 356 373 357 352 333 311 288 303 322 299
-9999 -9999 -9999 -9999 -9999 -9999 -9999 -9999 -9999 -9999 -9999 -9999 -9999 -9999 -9999 -9999 -9999 496 476 468 455 452 462 466 471 457 455 456 451 456 458 440 417 401 394 389 375 376 385 373 364 361 342 295 270 272 271 280 275 247 210 210 239 277 269 291 325 332 368 397 407 405 396 386 370 359 384 404 409 408 404 401 400 385 344 360 366 333 327 354 369 350 336 341 323 287 289 299 285
-9999 -9999 -9999 -9999 -9999 -9999 -9999 -9999 -9999 -9999 -9999 -9999 -9999 -9999 -9999 -9999 500 490 484 473 461 464 470 487 485 477 469 485 480 472 463 445 417 413 396 382 376 373 373 376 374 368 341 318 287 284 287 294 267 235 214 210 242 250 264 302 329 329 368 385 386 383 385 374 355 367 388 400 395 387 393 393 380 388 333 339 332 327 327 354 373 350 315 323 317 290 285 285 291
-9999 -9999 -9999 -9999 -9999 -9999 -9999 -9999 -9999 -9999 -9999 -9999 -9999 -9999 -9999 -9999 496 487 483 470 469 478 481 485 481 481 476 494 498 490 471 450 428 409 399 388 373 373 378 386 384 376 353 328 300 314 313 285 259 242 214 199 211 246 275 298 311 334 362 377 389 373 369 364 354 377 388 393 379 369 363 369 358 372 340 331 331 336 327 341 355 337 314 309 296 287 294 313 327
-9999 -9999 -9999 -9999 -9999 -9999 -9999 -9999 -9999 -9999 -9999 -9999 -9999 -9999 -9999 -9999 504 494 488 485 485 484 472 466 460 452 471 501 494 486 467 452 439 413 394 373 373 377 385 388 373 383 358 324 321 330 321 304 296 251 208 199 212 238 267 293 309 327 351 373 376 357 342 339 351 368 390 389 371 360 351 347 346 359 357 345 341 333 319 328 339 328 304 294 294 301 313 336 361
-9999 -9999 -9999 -9999 -9999 -9999 -9999 -9999 -9999 -9999 -9999 -9999 -9999 -9999 -9999 511 503 483 480 483 477 462 452 448 439 431 467 482 469 467 452 452 437 412 395 384 377 383 378 378 373 384 359 349 349 349 338 318 291 250 223 199 211 235 274 289 302 321 361 377 371 349 333 353 365 372 384 383 363 351 347 343 343 344 367 362 364 345 314 306 311 302 294 298 319 332 338 349 375
-9999 -9999 -9999 -9999 -9999 -9999 -9999 -9999 -9999 -9999 -9999 -9999 -9999 -9999 495 497 492 473 465 469 464 449 440 437 431 430 450 467 460 459 468 467 449 424 405 391 381 371 368 373 379 386 380 372 365 347 331 312 290 265 223 199 210 241 267 284 306 329 357 362 361 333 337 374 385 381 372 371 363 343 343 357 349 343 367 382 377 349 322 306 299 294 294 311 339 366 376 370 363
-9999 -9999 -9999 -9999 -9999 -9999 -9999 -9999 -9999 -9999 -9999 -9999 -9999 -9999 492 484 487 476 468 463 468 460 446 452 448 430 442 467 472 475 472 451 434 416 400 385 384 376 368 370 366 370 375 382 367 342 319 278 263 231 202 199 211 236 248 270 299 328 351 331 324 329 360 380 378 372 363 356 357 351 349 344 356 343 365 374 377 357 323 308 297 295 304 324 354 371 363 350 330
-9999 -9999 -9999 -9999 -9999 -9999 -9999 -9999 -9999 -9999 -9999 -9999 -9999 490 476 474 476 476 464 462 468 472 467 464 462 441 430 452 479 478 468 449 436 429 411 406 404 382 368 362 354 351 370 372 361 347 320 278 246 228 200 199 213 235 252 279 301 326 333 309 319 349 375 376 370 370 357 349 349 349 349 346 343 343 343 356 375 361 328 299 295 295 311 338 354 351 334 328 315
-9999 -9999 -9999 -9999 -9999 -9999 -9999 -9999 -9999 -9999 -9999 -9999 487 473 467 477 463 461 459 453 461 467 471 470 463 434 422 447 479 470 463 462 451 431 429 436 426 399 386 373 357 348 346 341 346 331 305 273 250 216 204 199 200 220 242 261 283 304 309 310 332 359 362 344 338 355 353 353 355 353 350 347 345 343 343 343 348 346 330 299 296 315 336 355 346 330 318 304 307
-9999 -9999 -9999 -9999 -9999 -9999 -9999 -9999 -9999 -9999 -9999 -9999 466 460 471 463 452 448 452 446 442 455 466 454 446 415 420 436 469 470 456 456 450 447 448 453 440 406 385 366 353 344 323 327 343 323 308 280 245 228 226 216 192 214 233 252 261 277 304 325 345 350 322 302 314 346 360 365 361 359 357 345 345 357 364 359 335 323 318 307 318 338 362 365 338 319 313 301 296
-9999 -9999 -9999 -9999 -9999 -9999 -9999 -9999 -9999 -9999 -9999 -9999 458 468 459 448 448 444 446 439 438 446 447 439 417 403 426 437 470 468 461 456 447 457 467 472 448 404 378 362 347 340 319 301 302 299 296 277 250 228 221 199 192 214 227 242 248 252 302 326 330 305 278 291 315 342 364 358 352 349 347 346 345 370 373 364 346 326 313 319 328 345 365 354 337 318 305 296 301
-9999 -9999 -9999 -9999 -9999 -9999 -9999 -9999 -9999 -9999 -9999 447 458 463 458 452 432 432 440 435 431 426 422 421 403 418 443 450 458 451 439 434 425 442 464 468 450 407 388 374 352 353 337 300 268 271 271 264 247 232 214 183 186 208 227 232 230 259 296 298 287 271 271 299 327 356 374 368 353 350 345 345 357 381 364 347 336 323 326 339 327 346 362 348 323 317 322 309 290
-9999 -9999 -9999 -9999 -9999 -9999 -9999 -9999 -9999 -9999 -9999 445 439 449 442 444 433 422 442 442 435 419 404 400 406 428 447 442 432 423 423 420 410 420 434 453 449 423 397 392 373 363 345 313 287 268 251 244 239 219 203 177 181 199 205 208 225 246 266 262 253 246 273 294 326 363 393 392 370 358 358 352 375 392 367 348 345 337 347 357 338 331 342 341 331 327 330 301 305
-9999 -9999 -9999 -9999 -9999 -9999 -9999 -9999 -9999 -9999 -9999 454 433 431 434 440 431 416 424 430 435 414 395 402 415 436 433 422 406 402 415 405 391 392 409 434 452 444 423 404 396 384 358 324 286 255 234 221 219 219 199 178 177 178 188 200 213 229 239 231 233 258 289 314 344 380 411 404 391 381 389 371 383 400 365 359 350 357 361 360 346 333 349 358 353 333 317 307 321
-9999 -9999 -9999 -9999 -9999 -9999 -9999 -9999 -9999 -9999 -9999 456 433 422 418 428 426 411 410 416 412 392 401 416 419 420 418 399 389 404 416 407 390 382 401 422 444 448 439 422 399 385 359 322 282 252 240 231 206 202 193 179 177 177 185 198 214 222 209 213 228 265 295 332 370 410 423 410 399 396 401 387 386 390 375 373 376 367 360 357 344 352 368 360 348 331 314 321 322
