Input/Spatial/slope.asc
ncols         129
nrows         169
xllcorner     467968.68340708
yllcorner     2628209.6290321
cellsize      90.214450772628
NODATA_value  -9999
[rows 87 to 115 of 169, columns 0 to 65 of 129]
-9999 -9999 -9999 -9999 -9999 -9999 -9999 -9999 -9999 10.34372 14.69586 11.41544 7.163618 5.166306 8.248394 8.29803 6.054588 1.80973 7.467083 11.20764 5.600188 9.128281 10.24405 3.260099 7.73912 16.26187 19.73718 20.61792 22.5733 18.06262 3.410586 5.938584 6.603216 3.813259 5.414817 12.53255 15.00823 12.45542 7.888603 7.045425 5.276134 2.697208 3.176241 3.746954 3.963083 3.188076 2.247093 7.422389 9.061955 9.261381 10.90562 10.00406 5.415967 2.258261 11.89721 11.88721 12.56645 9.235057 17.9223 13.07381 14.22676 19.92719 17.3978 14.1273 17.64964 13.26502
-9999 -9999 -9999 -9999 -9999 -9999 -9999 -9999 -9999 14.81226 12.10416 1.356335 8.152681 10.99549 9.89333 9.104891 5.862763 5.07866 6.267129 10.50106 12.94363 10.43023 2.609575 8.286945 15.78671 18.30864 19.42841 21.76893 19.95291 8.991717 5.419416 3.731871 5.7189 10.1582 12.94908 10.99222 10.28346 7.890161 8.122526 7.015553 6.313468 7.11433 4.281919 4.908749 5.789143 6.765247 6.044323 1.575416 6.640613 6.594771 8.363483 7.833879 6.927811 4.09058 4.710129 7.518875 3.298371 12.0491 20.93248 12.47771 11.59344 12.05649 10.7402 18.9563 19.37561 18.15652
-9999 -9999 -9999 -9999 -9999 -9999 -9999 -9999 -9999 9.690319 4.289217 12.25609 12.76355 10.84267 9.010008 8.843937 7.73753 9.96102 9.874949 9.90006 6.925134 3.176241 7.372396 12.10907 15.11875 15.91613 19.16901 19.21946 11.88971 4.328413 8.918154 10.46946 9.389229 9.50246 6.605091 1.370193 7.817383 9.946426 11.23697 10.16295 7.658411 12.11739 7.894832 3.568733 2.647828 3.768633 5.760072 2.11738 2.619191 6.469606 8.158698 6.510653 6.163314 6.788067 2.697208 4.862759 4.785107 11.87719 18.34067 15.85713 12.01108 5.014388 14.64198 14.15316 12.87203 15.45428
-9999 -9999 -9999 -9999 -9999 -9999 -9999 -9999 -9999 3.176241 12.45874 11.05749 4.521984 2.313289 1.607069 4.218623 4.013326 9.088145 10.95614 9.548367 10.32855 10.24818 12.18769 13.0193 13.85588 17.53458 16.36469 8.295815 8.438562 6.295763 4.785107 7.58979 6.958962 3.492361 5.995839 8.670956 10.0481 11.60578 12.61757 11.08889 7.485211 13.59707 11.20977 1.171991 4.267283 6.267129 4.133203 2.096478 1.9855 6.077106 9.833763 8.433482 7.093471 7.73912 4.236383 4.477531 7.245839 11.55633 16.66445 16.66445 9.709702 10.01675 11.53151 6.334059 11.70043 17.65561
-9999 -9999 -9999 -9999 -9999 -9999 -9999 -9999 -9999 -9999 -9999 4.598725 -9999 -9999 -9999 -9999 -9999 -9999 4.111948 12.66613 13.88485 12.26479 13.4961 13.59406 13.86932 15.76796 9.878015 6.481088 9.666502 9.182166 4.594647 1.510116 1.595273 4.794232 8.476921 2.935868 0.9525719 3.38103 8.529456 12.43593 10.89571 14.03115 10.62307 1.575416 4.726014 4.267283 4.726014 3.865475 3.030593 4.110425 8.833577 10.77764 10.59754 8.439287 3.020216 2.563403 7.148955 13.93966 16.82404 13.99588 8.408033 10.45102 4.073711 6.374063 15.35298 21.39113
-9999 -9999 -9999 -9999 -9999 -9999 -9999 -9999 -9999 -9999 -9999 -9999 -9999 -9999 -9999 -9999 -9999 -9999 -9999 14.1548 15.11078 15.31081 14.78969 12.59133 12.59649 6.819881 5.888148 7.801639 9.505016 8.408033 11.20764 8.952972 3.345589 5.073746 8.496392 8.921574 6.827132 5.879699 11.57902 14.27112 10.24994 12.54621 8.49423 2.590235 4.079854 4.594647 5.819133 8.061099 5.13726 3.192011 6.794442 13.22916 12.79906 7.525425 1.270005 4.049048 8.223831 13.62625 14.31329 11.43635 11.15784 9.818965 5.08357 10.04027 15.17592 18.70054
-9999 -9999 -9999 -9999 -9999 -9999 -9999 -9999 -9999 -9999 -9999 -9999 -9999 -9999 -9999 -9999 -9999 -9999 -9999 13.34387 16.85766 16.09576 14.95491 13.26457 5.969884 6.122901 7.538507 11.65449 11.05912 14.45255 13.26457 12.40974 6.70646 1.827036 4.049048 8.768355 9.780005 5.157852 11.54858 12.3787 8.35469 11.9992 9.858374 4.114991 3.72683 7.012031 10.13378 9.258096 4.228992 4.049048 9.286971 14.04482 10.87916 7.488503 1.668572 5.55668 6.020647 10.11288 10.84876 10.72395 12.01108 8.089219 9.505016 10.67674 12.29615 17.96749
-9999 -9999 -9999 -9999 -9999 -9999 -9999 -9999 -9999 -9999 -9999 -9999 -9999 -9999 -9999 -9999 -9999 -9999 -9999 13.54928 18.66113 15.79499 14.68644 9.18747 5.711282 10.80715 8.594468 11.61965 12.14088 9.666502 12.87203 11.37295 6.049458 3.711664 5.414817 4.236383 9.504377 2.385556 13.05537 14.15972 11.10617 12.56504 9.776286 3.568733 9.841153 9.680299 8.598025 6.240348 0.9050907 3.589754 10.87088 13.36493 11.11965 9.295484 1.911214 4.848617 6.941179 9.982262 9.279761 7.373232 6.46194 12.23673 14.89326 12.39542 9.37043 14.9998
-9999 -9999 -9999 -9999 -9999 -9999 -9999 -9999 -9999 -9999 -9999 -9999 -9999 -9999 -9999 -9999 -9999 -9999 -9999 14.72213 19.11018 15.18007 9.947035 2.129231 10.83491 10.00224 9.809704 11.14924 5.870179 12.66007 17.0953 13.24821 12.00317 10.62193 6.991737 2.385556 9.295484 3.520974 15.55737 14.09684 11.02817 10.07455 3.020216 8.634218 11.59138 4.050594 4.641998 7.179109 4.111948 2.288691 8.901718 11.92916 12.76586 10.65813 2.701864 2.167299 5.415967 8.50575 5.802016 8.523715 15.27375 16.87726 17.5905 19.56891 20.54192 20.05217
-9999 -9999 -9999 -9999 -9999 -9999 -9999 -9999 -9999 -9999 -9999 -9999 -9999 -9999 -9999 -9999 -9999 -9999 -9999 12.92407 16.4036 10.69532 3.38103 8.167714 12.18769 10.3303 7.34055 8.915417 12.14625 20.81335 20.27914 19.69257 19.79276 16.00395 10.25289 8.17897 7.094341 7.449735 15.29959 12.93226 11.89971 6.966949 2.910083 8.512222 8.183468 9.57567 12.77878 13.4126 7.554827 4.04131 6.956298 12.21248 13.33509 10.17662 2.460804 0 6.062786 10.86425 11.89171 15.78058 18.0492 18.62688 21.60077 24.08678 20.87794 19.41731
-9999 -9999 -9999 -9999 -9999 -9999 -9999 -9999 -9999 -9999 -9999 -9999 -9999 -9999 -9999 -9999 -9999 -9999 -9999 7.61004 10.3647 8.41604 12.47439 14.84333 11.21565 2.178877 5.337189 5.903957 14.62897 24.3124 20.44378 16.47049 12.80781 10.32387 12.82849 13.678 10.56568 9.363289 16.69039 15.78959 11.49885 6.152227 5.753591 9.805997 10.04991 13.58374 10.57707 13.42438 10.58162 8.967267 5.595742 11.25241 12.273 9.533091 3.677737 0 7.789809 13.30165 11.25932 13.15442 18.14652 21.5517 24.54009 24.16717 16.95968 15.83849
-9999 -9999 -9999 -9999 -9999 -9999 -9999 -9999 -9999 -9999 -9999 -9999 -9999 -9999 -9999 -9999 -9999 -9999 -9999 -9999 6.794442 14.9599 16.01493 10.28639 4.83185 11.02872 12.60587 12.3787 15.60203 22.96567 20.04472 15.70032 11.2779 1.41985 8.653315 15.85319 17.88592 15.75352 19.00092 17.2574 10.64288 7.301806 6.31052 9.440234 9.897613 9.60984 9.086133 12.04614 13.74438 13.92838 10.77094 11.34558 13.15442 8.667431 3.124436 0 10.86038 17.49433 14.41647 15.97699 20.91189 21.99837 20.21167 17.66094 12.02048 11.84911
-9999 -9999 -9999 -9999 -9999 -9999 -9999 -9999 -9999 -9999 -9999 -9999 -9999 -9999 -9999 -9999 -9999 -9999 -9999 -9999 -9999 9.662108 8.199937 7.525425 15.9926 16.48588 15.21514 16.59852 17.52223 19.23099 16.49237 12.89625 10.44871 5.5421 2.416979 7.927449 15.43579 17.92692 17.93954 12.21248 5.08357 3.504908 3.610651 6.013422 6.499225 4.765492 7.099561 9.766981 10.3303 10.6728 8.381041 7.492614 11.16267 6.51826 1.122576 1.907919 17.15985 23.32594 18.72036 20.62201 21.42007 18.4375 16.08837 16.21243 12.88346 3.148453
-9999 -9999 -9999 -9999 -9999 -9999 -9999 -9999 -9999 -9999 -9999 -9999 -9999 -9999 -9999 -9999 -9999 -9999 -9999 -9999 -9999 -9999 5.166306 11.86567 20.49629 18.51273 15.81118 17.73883 17.46668 17.28546 16.241 13.66091 9.25941 2.837959 9.90434 11.63503 6.122901 4.594647 5.13726 4.811132 8.598025 6.949187 1.813204 1.034984 1.607069 0.7100343 1.459221 3.211614 4.775963 7.480272 2.875341 5.938584 8.768355 5.873354 0 4.259947 20.58818 22.8404 15.14831 17.45236 17.21827 14.47534 11.6258 14.20596 13.45703 7.96995
-9999 -9999 -9999 -9999 -9999 -9999 -9999 -9999 -9999 -9999 -9999 -9999 -9999 -9999 -9999 -9999 -9999 -9999 -9999 -9999 -9999 -9999 8.185716 13.60308 18.46598 18.33738 10.89019 11.24177 13.72739 16.52614 15.74629 8.496392 3.834558 15.06475 18.00397 19.61718 18.9606 15.62174 15.71445 14.7499 12.25899 9.417673 3.980427 4.20674 4.228992 2.247093 0.1122719 3.345589 7.203137 6.709228 2.590235 8.496392 7.597086 3.915387 0.6736011 6.797173 20.32073 21.54881 16.51864 18.29035 16.8367 12.81746 9.89333 9.847922 7.779541 13.62153
-9999 -9999 -9999 -9999 -9999 -9999 -9999 -9999 -9999 -9999 -9999 -9999 -9999 -9999 -9999 -9999 -9999 -9999 -9999 -9999 -9999 -9999 4.170886 10.91497 15.66618 17.04489 13.27915 15.12444 14.25893 12.39542 5.708014 5.575688 14.39478 18.22932 14.70802 16.18554 17.62702 13.75456 9.019477 5.458343 10.75083 7.958383 6.247303 9.303334 8.841176 6.469606 1.128174 3.26971 6.883952 8.215626 8.286205 7.779541 3.520974 0.2245429 3.476161 9.684684 18.6623 19.85514 18.55785 20.58818 16.96925 7.674463 6.224422 11.83554 15.70032 17.92969
-9999 -9999 -9999 -9999 -9999 -9999 -9999 -9999 -9999 -9999 -9999 -9999 -9999 -9999 -9999 -9999 -9999 -9999 -9999 -9999 -9999 -9999 8.195449 13.42612 18.52365 19.08635 16.11686 17.83582 14.24306 5.75143 5.809511 11.84157 15.10166 14.05598 4.75237 11.4374 12.18623 8.278066 8.465361 9.182166 7.561344 5.351177 9.666502 8.122526 9.166236 7.890161 1.510116 1.683596 4.641998 7.038409 7.170507 4.785107 1.459221 2.884066 8.824588 12.0688 15.62174 18.92763 19.42841 19.3352 13.46138 11.7223 16.77529 18.60958 19.12378 17.93308
-9999 -9999 -9999 -9999 -9999 -9999 -9999 -9999 -9999 -9999 -9999 -9999 -9999 -9999 -9999 -9999 -9999 -9999 -9999 -9999 -9999 -9999 5.673037 12.75107 22.44326 24.54707 16.94284 11.97342 10.02339 12.47439 13.79477 15.71011 16.38812 9.290901 6.327203 12.23673 9.762014 8.86875 10.77094 10.11945 10.34431 10.90397 9.110911 6.360433 12.59462 7.616508 1.155754 0 0.1122719 0.2510463 0.2510463 0.1122719 0.1122719 5.511691 12.39542 11.04447 12.94908 19.38869 16.8127 13.13119 18.71686 21.92211 21.08971 19.67321 17.38597 11.8295
-9999 -9999 -9999 -9999 -9999 -9999 -9999 -9999 -9999 -9999 -9999 -9999 -9999 -9999 -9999 -9999 -9999 -9999 -9999 -9999 -9999 -9999 -9999 12.01108 25.44697 25.71912 12.74552 9.997403 15.72459 18.48345 19.99888 22.24546 20.93423 14.56648 14.42931 15.76796 18.78079 19.45307 18.49972 13.66091 7.751031 6.442732 3.768633 7.751031 13.37194 8.750225 2.204706 0.6736011 3.211614 6.023741 7.664836 7.664836 7.266243 10.01131 13.45181 9.118264 12.02937 17.0819 9.68531 15.80939 22.05072 22.58773 19.05224 14.082 7.922798 5.470877
-9999 -9999 -9999 -9999 -9999 -9999 -9999 -9999 -9999 -9999 -9999 -9999 -9999 -9999 -9999 -9999 -9999 -9999 -9999 -9999 -9999 -9999 -9999 10.18433 24.31038 22.62196 13.82389 16.54963 17.36163 17.53458 19.36447 22.10544 20.25083 18.15197 17.35939 12.44306 11.05315 10.76368 13.62454 13.40299 5.705835 6.008256 7.232203 4.271679 9.533091 12.31396 5.593517 1.742393 6.643409 9.128281 11.16106 12.65494 13.80532 15.03308 11.4374 5.489055 10.37982 13.69164 12.36387 17.09236 15.43135 11.74109 8.843937 10.38621 9.4486 1.753198
-9999 -9999 -9999 -9999 -9999 -9999 -9999 -9999 -9999 -9999 -9999 -9999 -9999 -9999 -9999 -9999 -9999 -9999 -9999 -9999 -9999 -9999 -9999 -9999 18.97606 21.98292 20.83988 21.05217 17.77466 15.26925 17.12109 18.72502 12.41689 13.72612 15.86573 8.41604 8.310575 12.99624 16.41117 16.1572 8.826663 8.104377 9.369132 8.322363 3.234978 10.72564 9.809087 2.313289 8.257308 8.080111 7.037531 8.013746 7.894832 4.329857 1.687331 4.912561 10.81771 13.57858 10.43023 9.024207 3.711664 12.20908 15.78058 9.689067 5.257202 13.95843
-9999 -9999 -9999 -9999 -9999 -9999 -9999 -9999 -9999 -9999 -9999 -9999 -9999 -9999 -9999 -9999 -9999 -9999 -9999 -9999 -9999 -9999 -9999 -9999 13.61296 19.16252 20.19588 21.48191 19.84679 16.55949 16.46638 12.8009 5.705835 17.55767 18.45857 11.01402 9.152272 11.83001 15.72568 15.30071 7.486857 4.460745 8.152681 7.81109 9.603522 5.391764 9.503099 1.46353 8.203675 9.878015 6.909944 1.46353 4.948003 8.967267 10.68181 10.13378 10.91057 13.12045 9.389229 3.265869 13.91501 16.33465 7.528697 9.261381 18.65674 18.43126
-9999 -9999 -9999 -9999 -9999 -9999 -9999 -9999 -9999 -9999 -9999 -9999 -9999 -9999 -9999 -9999 -9999 -9999 -9999 -9999 -9999 -9999 -9999 -9999 6.31052 12.91769 15.81011 17.69885 20.51719 17.75131 9.110243 0.1587762 10.71498 17.83521 16.08344 12.42451 9.645139 10.44179 12.96361 13.59707 7.5906 4.539917 7.713645 4.659461 5.954256 9.056573 8.031346 3.706595 7.301806 11.4921 8.224576 12.2498 13.12582 11.05695 9.709702 9.061955 9.240329 9.021504 4.659461 11.87168 12.55328 7.400768 11.92766 16.91473 15.77662 11.77705
-9999 -9999 -9999 -9999 -9999 -9999 -9999 -9999 -9999 -9999 -9999 -9999 -9999 -9999 -9999 -9999 -9999 -9999 -9999 -9999 -9999 -9999 -9999 -9999 7.817383 12.88346 16.28167 15.29024 17.10837 17.2079 11.60578 9.764499 10.3303 14.37587 14.97642 13.41871 10.3833 7.345588 10.44179 13.86932 13.03284 9.086133 7.635071 8.901032 5.116585 4.932846 4.16488 1.683596 4.858906 9.677165 11.83755 11.9992 8.450886 6.541974 3.364289 4.758935 11.62683 13.21274 12.31011 9.784343 4.200786 12.05846 14.42089 13.0089 11.30334 8.622881
-9999 -9999 -9999 -9999 -9999 -9999 -9999 -9999 -9999 -9999 -9999 -9999 -9999 -9999 -9999 -9999 -9999 -9999 -9999 -9999 -9999 -9999 -9999 -9999 -9999 11.02817 12.51934 11.30281 11.23804 19.29019 21.0559 12.60587 9.989532 11.9992 14.12401 11.67136 8.122526 9.684684 12.2556 13.37018 14.43693 13.47528 9.128948 9.363938 5.930209 0.5613421 1.41985 2.069293 1.988666 2.750268 3.59499 2.831311 3.260099 2.837959 4.619061 10.53085 9.739632 10.67167 10.08894 4.042859 10.688 11.63913 11.30281 11.61811 12.16626 11.11102
-9999 -9999 -9999 -9999 -9999 -9999 -9999 -9999 -9999 -9999 -9999 -9999 -9999 -9999 -9999 -9999 -9999 -9999 -9999 -9999 -9999 -9999 -9999 -9999 -9999 -9999 6.695378 1.657214 13.44529 22.48279 22.78574 15.10926 11.19053 10.63213 7.128201 10.11587 9.548367 5.819133 6.397361 7.958383 15.95566 17.4794 8.67166 8.262502 8.542357 5.933351 9.878015 13.19318 13.55834 10.8648 7.927449 3.118402 2.491272 1.687331 7.833879 10.50623 4.371545 10.55427 13.92922 9.112918 12.28313 11.29751 12.2614 13.61124 13.89952 11.7811
-9999 -9999 -9999 -9999 -9999 -9999 -9999 -9999 -9999 -9999 -9999 -9999 -9999 -9999 -9999 -9999 -9999 -9999 -9999 -9999 -9999 -9999 -9999 -9999 -9999 -9999 2.925152 11.55581 22.59336 23.19484 19.96067 15.90435 8.438562 3.405064 3.028521 8.016044 12.10808 6.224422 5.008163 9.37043 18.49174 16.28167 10.93695 13.51645 14.42249 13.42656 15.5482 13.01975 11.62632 10.01192 11.0851 5.699291 0 3.118402 8.286945 7.439803 5.151804 7.779541 11.16106 8.805886 13.6575 13.52985 13.03193 11.4614 8.774623 4.753684
-9999 -9999 -9999 -9999 -9999 -9999 -9999 -9999 -9999 -9999 -9999 -9999 -9999 -9999 -9999 -9999 -9999 -9999 -9999 -9999 -9999 -9999 -9999 -9999 -9999 -9999 7.379918 18.54842 21.11005 17.96749 14.73974 11.13257 6.808083 2.563403 5.039207 2.023171 11.73855 6.380867 8.295075 12.273 21.97448 18.43037 11.75731 13.00167 14.66404 13.86806 8.074792 1.58736 3.71504 9.700328 12.56457 5.000684 1.234801 2.463357 5.930209 9.90006 8.261019 9.078082 5.837265 9.966487 14.22676 11.03306 6.751516 4.018004 0.4490789 5.835135
-9999 -9999 -9999 -9999 -9999 -9999 -9999 -9999 -9999 -9999 -9999 -9999 -9999 -9999 -9999 -9999 -9999 -9999 -9999 -9999 -9999 -9999 -9999 -9999 -9999 -9999 10.50909 18.57198 17.20693 14.30033 12.67312 11.66114 12.54197 9.909841 3.76697 3.174265 6.230399 9.696576 14.01955 15.89685 24.07549 23.7588 16.1621 14.48971 15.10166 13.12985 9.684684 5.871237 5.033014 11.38766 9.753939 2.069293 5.596854 4.104329 3.192011 5.403303 9.138951 13.07381 13.2765 13.39075 10.98731 4.944218 0.4490789 1.795764 8.058053 16.41426
