Input/Spatial/slope.asc
ncols         129
nrows         169
xllcorner     467968.68340708
yllcorner     2628209.6290321
cellsize      90.214450772628
NODATA_value  -9999
[rows 58 to 86 of 169, columns 0 to 65 of 129]
-9999 -9999 -9999 -9999 -9999 -9999 -9999 -9999 -9999 -9999 -9999 -9999 -9999 -9999 -9999 -9999 -9999 -9999 -9999 6.717524 6.327203 5.419416 8.322363 8.476921 7.873789 8.915417 14.54822 12.06978 4.042859 9.46659 8.223831 7.545856 7.923573 8.330457 6.541974 1.356335 4.133203 2.860008 0.6045809 3.891317 10.93475 14.24469 17.87882 13.88778 10.68125 13.83442 13.62153 11.40025 8.944793 5.66316 18.08395 18.87443 15.38832 13.26855 10.35363 9.326844 10.65587 8.286945 8.230537 3.051241 11.2991 3.758643 4.392951 8.013746 9.833763 8.089219
-9999 -9999 -9999 -9999 -9999 -9999 -9999 -9999 -9999 -9999 -9999 -9999 -9999 -9999 -9999 -9999 -9999 -9999 8.860487 12.81011 10.7402 10.39549 11.53151 12.31925 12.09631 10.30398 10.96599 8.926359 3.665787 7.539324 2.894935 4.358651 4.26435 6.078128 8.326043 5.835135 3.937718 0.7100343 1.917789 4.727335 13.18651 14.77839 19.73256 15.81298 7.479448 11.70399 11.54393 7.927449 7.722412 2.619191 15.28425 19.37088 17.14846 14.30033 12.91997 10.64288 9.555995 6.646204 8.201432 9.90006 10.55941 3.118402 9.487745 9.55536 7.860509 2.060152
-9999 -9999 -9999 -9999 -9999 -9999 -9999 -9999 -9999 -9999 -9999 -9999 -9999 -9999 -9999 -9999 -9999 6.840705 13.52985 13.63525 10.49705 11.01076 11.91369 10.80715 7.034019 3.432585 6.609776 8.037459 6.575024 6.262178 0.9525719 2.427362 2.069293 4.432626 10.07755 8.104377 2.925152 1.56338 1.459221 7.413249 15.21062 15.90435 17.0462 13.07381 8.737649 13.05582 10.1302 4.81632 5.175951 2.213249 9.849153 20.21167 20.25371 14.21698 13.68184 13.54928 9.865744 4.152842 7.732759 9.858374 3.390294 10.17008 10.38853 5.596854 2.255474 10.26466
-9999 -9999 -9999 -9999 -9999 -9999 -9999 -9999 -9999 -9999 -9999 -9999 -9999 -9999 -9999 -9999 -9999 9.533091 11.73855 11.59344 8.481974 8.448712 7.479448 3.188076 5.321992 6.259206 7.017314 9.112918 9.922662 8.448712 6.798082 4.929049 3.190044 5.050335 8.118749 8.752318 3.492361 1.998136 0.7100343 8.956378 14.97335 14.36176 14.11866 12.5349 12.44306 14.09726 6.580672 9.061955 11.39815 9.25415 2.676158 18.37292 22.99117 14.42931 12.19499 17.79177 15.02123 6.603216 2.894935 6.751516 13.77997 14.02493 7.038409 2.398699 10.97857 11.4739
-9999 -9999 -9999 -9999 -9999 -9999 -9999 -9999 -9999 -9999 -9999 -9999 -9999 -9999 -9999 -9999 -9999 7.054186 9.902506 10.76368 8.774623 4.03666 2.61679 6.757012 7.203137 6.77986 6.008256 7.325415 7.499188 7.583298 8.14666 9.429928 8.295075 6.033012 6.819881 8.573807 4.499814 3.236918 1.510116 9.021504 10.65813 13.2765 17.8924 18.01376 12.57772 9.833763 12.8032 14.97296 14.89326 15.74051 4.711455 14.11743 23.67064 15.1608 12.47724 19.28347 18.62014 9.533091 9.987716 15.24974 12.62272 6.160292 2.35905 9.019477 11.93962 4.948003
-9999 -9999 -9999 -9999 -9999 -9999 -9999 -9999 -9999 -9999 -9999 -9999 -9999 -9999 -9999 -9999 -9999 6.118845 7.291664 7.600327 5.384829 3.009803 7.400768 9.112918 9.552817 10.05833 9.520341 11.13526 11.03143 8.988326 8.50575 12.93226 11.254 5.803087 5.506041 7.301806 4.224551 3.25432 3.260099 5.862763 6.507798 9.854072 19.14613 21.35066 13.44877 11.9077 13.86092 11.43635 12.94908 17.53078 9.010008 10.20092 20.22745 14.30154 10.84211 17.21438 13.37194 11.59344 17.1038 11.52063 6.191441 7.923573 9.339878 11.73449 9.895165 3.86061
-9999 -9999 -9999 -9999 -9999 -9999 -9999 -9999 -9999 -9999 -9999 -9999 -9999 -9999 -9999 -9999 2.244292 5.681802 6.271086 6.699074 4.88964 7.31952 8.407305 6.131006 5.627896 7.509038 8.487744 11.69941 13.15576 10.89571 10.24051 14.11002 11.69941 7.833879 7.616508 6.717524 3.701519 1.388456 1.309078 3.260099 6.160292 10.49705 17.32665 19.55792 13.33157 12.24448 10.28815 7.649567 15.2396 16.74314 10.22989 7.422389 16.75989 12.61757 13.28621 17.1038 10.39317 13.46051 17.10053 9.472364 6.951855 8.967267 9.238352 10.46485 3.615856 9.169557
-9999 -9999 -9999 -9999 -9999 -9999 -9999 -9999 -9999 -9999 -9999 -9999 -9999 -9999 -9999 -9999 4.811132 4.765492 5.116585 5.930209 6.342863 5.458343 1.526703 5.151804 7.9815 5.895531 6.572197 7.232203 5.403303 8.53089 11.28003 12.87203 12.59649 9.872495 8.956378 7.561344 2.910083 2.023171 4.481718 2.777547 3.283116 9.380807 16.38812 15.99118 10.39723 12.65867 11.31444 13.55963 16.5948 18.21213 12.73812 5.033014 14.88862 16.31494 16.33569 14.18266 11.16481 14.56608 15.04797 8.634218 5.033014 10.13676 12.02492 10.02882 5.050335 10.97802
-9999 -9999 -9999 -9999 -9999 -9999 -9999 -9999 -9999 -9999 -9999 -9999 -9999 -9999 -9999 -9999 5.741691 5.391764 2.78658 3.061513 1.575416 5.209564 9.365887 11.71417 13.84578 12.3154 14.05474 7.382423 8.286945 10.65587 10.70375 8.988326 12.54951 12.60399 10.1582 6.824414 1.279885 3.047123 2.385556 2.813504 2.069293 5.995839 15.86716 13.09356 12.04614 11.2848 12.70334 15.10166 18.47042 22.20278 15.46685 0.9050907 12.60399 18.25912 16.74314 11.78867 11.11264 15.29061 14.86696 7.034019 6.930486 12.65961 9.021504 4.641998 7.123869 10.2905
-9999 -9999 -9999 -9999 -9999 -9999 -9999 -9999 -9999 -9999 -9999 -9999 -9999 -9999 -9999 2.427362 8.408033 9.261381 6.63968 6.062786 8.846698 11.7912 11.01838 10.05291 9.601626 10.01131 16.37055 10.09134 10.93695 8.034404 4.506754 6.892029 13.13432 13.87436 10.87971 7.725597 2.640698 1.668572 4.364387 3.366153 1.58736 4.281919 13.38069 13.80068 12.05846 8.223831 10.28581 12.59415 18.12286 22.11938 17.26869 2.813504 11.96945 18.2534 15.9368 10.87088 11.25241 16.30524 14.82508 4.593287 9.4486 11.76137 2.460804 12.22267 10.79379 6.054588
-9999 -9999 -9999 -9999 -9999 -9999 -9999 -9999 -9999 -9999 -9999 -9999 -9999 -9999 3.67262 6.46194 8.419677 8.261019 4.370114 4.84733 5.969884 7.645543 3.731871 2.460804 4.516452 4.960598 13.62454 5.818065 1.827036 3.09415 4.146809 7.282353 12.57772 12.82527 9.895165 6.575024 4.013326 3.519192 2.831311 2.875341 3.818185 1.526703 5.706925 8.737649 8.610818 10.0481 14.42249 17.2716 18.29035 20.99831 17.20563 2.840172 12.273 16.61377 14.56727 13.30693 14.07127 16.44309 10.84211 11.68565 14.1986 6.176389 11.73855 13.52812 4.641998 1.857781
-9999 -9999 -9999 -9999 -9999 -9999 -9999 -9999 -9999 -9999 -9999 -9999 -9999 -9999 5.995839 6.484911 5.099494 6.151219 3.520974 0.9050907 2.288691 8.152681 8.670251 8.855663 9.780005 3.283116 10.1873 9.66964 4.281919 4.521984 5.461764 10.68125 10.87088 10.75083 9.614892 6.819881 7.50001 7.31615 2.380279 3.76697 7.578425 8.718749 4.999436 3.360557 10.22989 13.37894 18.29845 19.68385 19.00092 20.79311 13.95635 2.135132 11.89321 13.38113 12.525 14.92373 16.13406 14.76747 8.378848 14.26705 9.533091 8.487744 15.06475 6.598526 3.313554 6.044323
-9999 -9999 -9999 -9999 -9999 -9999 -9999 -9999 -9999 -9999 -9999 -9999 -9999 6.118845 7.169646 5.039207 5.760072 6.215445 5.161477 2.963546 2.804559 2.770752 6.159285 6.142131 9.152272 8.746734 7.203137 14.93028 6.617265 3.160393 7.170507 9.276482 9.579473 10.24405 11.23697 13.71379 14.29141 12.9677 7.50001 4.821503 4.737893 6.898305 10.19619 10.55941 10.76703 14.02286 20.07104 19.92611 16.1593 15.72315 8.476921 2.56095 10.62873 12.83767 13.0396 15.05789 15.89721 13.79477 10.31861 6.51826 10.16771 14.84333 7.10999 8.755808 10.46485 6.946519
-9999 -9999 -9999 -9999 -9999 -9999 -9999 -9999 -9999 -9999 -9999 -9999 6.126955 7.801639 4.061399 4.571468 7.728781 7.432345 5.944858 5.5421 7.664836 5.903957 2.313289 4.375835 11.76137 12.51981 6.709228 16.82804 9.035685 5.356995 5.073746 5.070057 8.301722 8.843937 10.91497 13.12761 15.75785 15.38572 10.05833 8.412401 6.572197 5.673037 11.46244 12.15065 9.120936 13.72017 17.86306 18.90465 16.66175 12.4226 8.037459 3.852488 7.017314 14.25486 14.39076 15.12444 17.10053 16.20929 7.939064 6.211451 13.77997 7.600327 14.46095 20.10208 16.8367 9.365887
-9999 -9999 -9999 -9999 -9999 -9999 -9999 -9999 -9999 -9999 -9999 -9999 5.699291 3.793491 4.04131 7.639101 7.184265 4.932846 4.711455 5.467461 7.100431 8.774623 7.902611 11.99376 16.58734 10.49418 7.492614 15.53057 9.874949 4.212686 3.92178 3.334318 3.92178 6.811716 11.10509 10.77596 16.69039 17.04751 11.71264 10.23344 7.81109 8.843937 10.18255 11.94957 12.59415 12.91268 13.42394 17.46 16.26813 9.456314 6.620071 7.99764 3.079914 12.71216 12.12718 11.52789 13.60094 17.03045 14.22554 10.59299 6.99792 15.89899 22.71189 16.44446 14.54107 12.54245
-9999 -9999 -9999 -9999 -9999 -9999 -9999 -9999 -9999 -9999 -9999 -9999 3.48337 1.31388 4.659461 6.848835 6.294777 5.077432 4.104329 4.516452 5.033014 9.264009 11.84208 14.1712 12.69963 2.770752 10.70375 12.28603 7.942158 6.544813 7.34307 7.770841 6.090373 6.271086 5.92392 6.487776 18.86752 19.63142 12.32694 10.30632 6.974041 8.32825 11.61451 11.11749 17.81816 16.98441 13.2765 14.83285 14.16669 8.667431 10.23167 11.47286 5.819133 12.03628 9.746477 8.363483 9.689067 17.64713 18.59314 11.6504 17.41058 22.76636 14.76084 10.1873 15.90578 15.24523
-9999 -9999 -9999 -9999 -9999 -9999 -9999 -9999 -9999 -9999 -9999 2.81127 6.620071 5.862763 5.844713 6.510653 6.838897 5.309099 2.713467 2.619191 3.59499 8.487744 12.21248 11.55684 3.063563 11.22098 10.45275 4.706149 9.196082 13.64424 12.83767 12.26913 11.58726 14.65498 12.32934 6.087314 16.95341 19.30026 12.8009 12.86151 10.99822 10.24051 16.48143 16.65129 9.120936 9.995587 12.89854 12.62225 11.90221 10.91497 14.13839 10.17484 8.286945 12.07814 9.902506 9.624355 10.47348 18.23986 16.95077 18.46687 21.99814 16.22289 8.790616 15.66254 18.28525 17.3472
-9999 -9999 -9999 -9999 -9999 -9999 -9999 -9999 -9999 -9999 -9999 5.741691 5.933351 8.915417 7.325415 5.374408 7.34055 4.16488 6.155253 1.988666 5.66316 9.48198 7.985346 4.218623 7.107384 11.36506 4.351471 9.845462 14.73152 13.72272 10.0246 10.40187 11.51908 16.67692 18.09186 10.56568 8.76069 17.27031 14.92258 13.84578 13.92128 13.05582 17.96749 20.60357 14.97757 10.31159 12.50233 12.77325 10.97802 11.19053 14.0415 7.885487 6.874066 11.52685 12.04023 10.81937 12.74321 16.92499 17.19006 18.99292 14.80137 7.983038 14.30033 17.42558 20.58202 20.38277
-9999 -9999 -9999 -9999 -9999 -9999 -9999 -9999 -9999 -9999 -9999 11.28003 6.403172 6.685203 7.33971 5.019362 7.5906 5.108047 8.98086 8.537342 9.953726 11.42799 2.023171 5.79451 8.326043 6.51826 9.013391 14.44614 12.31396 7.504936 3.677737 8.034404 8.224576 11.53151 16.0082 13.65365 1.795764 11.2991 15.13202 13.56179 11.62683 13.00664 18.41937 21.22542 19.35862 14.61713 9.747099 8.147412 8.833577 9.261381 11.82548 6.529654 2.729629 6.860561 8.141387 8.771838 10.39723 11.40601 14.55021 14.01166 9.472364 15.64034 18.99635 21.00705 24.45914 22.87762
-9999 -9999 -9999 -9999 -9999 -9999 -9999 -9999 -9999 -9999 -9999 11.0004 9.59973 5.475427 5.705835 6.650859 5.186779 4.462147 4.196315 8.67166 12.07814 8.610818 4.200786 6.403172 11.06129 14.44974 16.1761 13.78969 6.295763 6.191441 3.891317 9.768843 7.482742 6.530602 12.00515 15.04072 12.90903 4.460745 8.715945 11.27154 10.84267 13.53892 19.04199 22.34833 20.68844 14.36821 9.085463 9.355493 8.269176 6.797173 7.958383 5.819133 0.959163 2.56095 6.168346 8.676593 10.00224 9.614892 7.525425 6.717524 15.3265 20.12459 20.74671 22.31947 24.49117 19.69066
-9999 -9999 -9999 -9999 -9999 -9999 -9999 -9999 -9999 -9999 -9999 8.277325 9.951294 10.69532 4.360085 5.48792 4.075248 3.76031 3.229153 6.263169 3.948835 1.406482 0.8172972 6.635017 10.67674 14.15316 14.6341 9.290901 7.5906 7.5906 11.4921 15.06018 8.546653 7.62862 7.447253 15.24561 20.41811 16.95836 15.11951 14.65498 14.14003 16.72804 20.05031 20.9252 19.95692 15.68108 12.96361 12.19499 8.583076 4.785107 4.944218 4.97316 1.351683 1.41985 4.148318 7.50001 9.08278 7.142908 8.70121 15.82412 20.33014 22.66059 21.87971 20.93423 21.64178 14.82703
-9999 -9999 -9999 -9999 -9999 -9999 -9999 -9999 -9999 -9999 -9999 8.111188 10.11288 11.76643 6.63968 2.007561 6.240348 6.665733 5.760072 4.16488 4.593287 5.575688 6.489686 4.711455 5.318479 8.47042 9.520341 10.62193 12.24157 12.32694 14.72095 13.08279 9.25415 7.87691 9.300064 13.26236 18.37739 19.26244 20.36612 21.89551 21.43756 21.70036 22.8222 19.31844 18.20519 15.92861 12.71216 8.916101 5.595742 4.516452 5.029294 3.818185 0.7938322 0.3550307 1.365589 4.16488 4.846042 7.186841 13.47528 16.71192 20.06386 21.26081 17.75567 16.36745 17.8045 12.9976
-9999 -9999 -9999 -9999 -9999 -9999 -9999 -9999 -9999 -9999 -9999 9.561076 12.20082 10.82603 6.240348 3.963083 3.417935 3.236918 3.582761 0.4763189 5.360482 1.716918 8.363483 7.300117 8.375193 9.360042 7.948343 11.05695 15.52175 17.2435 17.2351 11.66727 13.52812 9.056573 13.18117 12.23624 14.85767 15.26025 16.82337 21.81447 22.38651 20.26997 19.08379 14.01955 13.16914 13.55834 12.05846 9.085463 5.475427 4.259947 2.837959 1.128174 0.1587762 0.5724581 1.31388 4.010205 4.533028 8.04433 14.54227 17.33565 20.72383 19.95692 16.01634 15.34217 16.33569 12.19158
-9999 -9999 -9999 -9999 -9999 -9999 -9999 -9999 -9999 -9999 7.176529 10.94408 14.25893 10.47348 6.319358 3.781911 3.102256 3.38103 3.417935 4.920178 4.710129 3.891317 8.958421 7.10999 5.854276 6.31052 10.11945 8.833577 3.410586 4.898567 9.258096 8.610818 13.36668 6.062786 10.02942 7.232203 8.25508 8.111188 10.11049 16.4951 11.25932 9.581374 13.88233 13.05942 12.41689 11.14924 9.378862 8.769053 7.203137 6.764332 4.464948 0.7100343 0.6045809 2.582945 4.289217 4.679528 5.193985 9.238352 15.69379 18.4375 17.52983 16.98738 17.97639 16.80836 15.00095 12.46444
-9999 -9999 -9999 -9999 -9999 -9999 -9999 -9999 -9999 5.903957 11.4374 11.2991 14.79981 9.709702 5.724335 3.410586 0.718854 4.932846 6.80263 5.014388 4.75237 5.55668 11.0004 10.09134 5.888148 5.234629 9.700328 12.88712 11.69125 12.60399 9.981049 4.218623 11.4374 6.053562 7.713645 6.054588 5.304402 6.044323 10.13437 15.63925 8.310575 8.799643 13.59922 13.59922 11.89171 8.911994 5.244145 5.5578 6.530602 7.472856 6.898305 1.709569 0.965709 4.609582 5.484516 5.760072 9.508211 14.082 15.91613 14.04233 12.67684 18.17105 21.51769 16.20091 10.81771 14.98677
-9999 -9999 -9999 -9999 -9999 -9999 -9999 -9999 -9999 5.402151 9.538822 9.295484 13.21673 7.094341 3.275462 1.406482 5.099494 5.724335 5.004425 4.83185 3.865475 3.079914 10.37226 10.17662 3.009803 6.388635 7.34307 10.24051 9.799197 12.75801 12.4326 3.283116 10.79713 10.96599 9.636328 8.031346 6.142131 7.221104 16.79234 17.91984 12.61149 11.42799 9.25941 10.07635 10.2905 7.128201 5.903957 6.786244 7.289125 7.217685 6.451383 1.998136 1.034984 6.529654 8.888683 9.504377 11.11749 11.8295 9.061955 6.507798 11.72637 21.66117 26.04721 15.64289 2.178877 6.925134
-9999 -9999 -9999 -9999 -9999 -9999 -9999 -9999 -9999 3.76697 9.365887 9.224505 11.98136 7.279812 2.804559 0.9050907 6.751516 5.837265 3.818185 3.211614 1.437482 6.541974 10.96763 5.958427 8.17897 13.29636 11.89721 11.72637 11.73855 14.17406 13.80744 9.084121 7.299272 9.766981 7.798486 4.576933 4.86789 10.39549 17.35939 14.20596 10.52685 10.2676 7.839369 5.521846 10.37226 10.32329 5.711282 2.804559 3.808327 5.466322 4.753684 1.406482 1.709569 9.405402 14.46055 10.2676 3.503118 7.34307 9.42606 8.322363 10.17008 23.02541 29.18411 16.91738 2.007561 2.244292
-9999 -9999 -9999 -9999 -9999 -9999 -9999 -9999 -9999 3.768633 9.863288 8.843246 11.70806 8.439287 0.8095512 4.503979 7.251796 6.837088 3.079914 6.714759 9.579473 9.96102 6.087314 7.525425 14.05722 10.14153 4.432626 12.50233 16.35089 18.81728 17.11718 10.54571 5.466322 6.263169 2.961426 1.437482 8.715244 16.02094 14.05268 11.11749 9.347038 8.914732 7.347267 5.862763 7.449735 9.50246 8.277325 6.357508 7.33971 8.571667 5.673037 1.917789 2.471002 10.13437 15.26925 4.83185 7.39577 6.511604 9.311831 6.617265 11.18999 22.45827 29.03997 18.23353 3.477965 4.158865
-9999 -9999 -9999 -9999 -9999 -9999 -9999 -9999 -9999 4.811132 10.71947 10.32504 12.71587 6.251273 4.059857 6.819881 5.930209 5.116585 5.186779 12.42118 8.580937 2.334936 6.224422 11.77503 7.531969 5.014388 14.54187 18.8456 20.70984 21.96158 15.6829 4.726014 3.837825 7.700873 4.04131 6.646204 14.59776 15.46869 12.89854 12.97994 11.83303 7.996872 4.989443 4.619061 2.491272 5.600188 9.440234 6.400267 6.087314 7.664836 8.257308 5.666454 1.214226 8.563099 15.68399 10.15879 11.54393 5.014388 9.326844 8.805886 12.81562 21.74896 25.2909 16.36745 7.888603 6.152227
