Input/Spatial/slope.asc
ncols         129
nrows         169
xllcorner     467968.68340708
yllcorner     2628209.6290321
cellsize      90.214450772628
NODATA_value  -9999
[rows 29 to 57 of 169, columns 0 to 65 of 129]
-9999 -9999 -9999 -9999 -9999 -9999 -9999 -9999 -9999 -9999 -9999 -9999 -9999 -9999 -9999 -9999 -9999 -9999 -9999 -9999 -9999 -9999 -9999 -9999 -9999 -9999 -9999 -9999 -9999 -9999 -9999 -9999 -9999 -9999 -9999 -9999 -9999 -9999 -9999 -9999 -9999 -9999 -9999 -9999 -9999 -9999 -9999 -9999 -9999 2.422176 4.436855 6.342863 7.002333 6.420571 5.539853 8.743939 2.916551 4.460745 2.210405 1.687331 6.278006 8.944793 10.2411 8.926359 6.713838 1.917789
-9999 -9999 -9999 -9999 -9999 -9999 -9999 -9999 -9999 -9999 -9999 -9999 -9999 -9999 -9999 -9999 -9999 -9999 -9999 -9999 -9999 -9999 -9999 -9999 -9999 -9999 -9999 -9999 -9999 -9999 -9999 -9999 -9999 -9999 -9999 -9999 -9999 -9999 -9999 -9999 -9999 -9999 -9999 -9999 -9999 -9999 -9999 -9999 -9999 2.626379 4.16488 3.260099 3.234978 4.111948 8.080111 10.35363 3.72683 4.228992 3.904173 0.5613421 2.666748 4.509527 5.070057 5.945903 8.631386 6.860561
-9999 -9999 -9999 -9999 -9999 -9999 -9999 -9999 -9999 -9999 -9999 -9999 -9999 -9999 -9999 -9999 -9999 -9999 -9999 -9999 -9999 -9999 -9999 -9999 -9999 -9999 -9999 -9999 -9999 -9999 -9999 -9999 -9999 -9999 -9999 -9999 -9999 -9999 -9999 -9999 -9999 -9999 -9999 -9999 -9999 -9999 -9999 -9999 4.124107 4.295046 3.26971 2.416979 1.827036 2.944412 9.258753 11.46088 6.251273 3.937718 6.388635 4.631219 2.98045 0.4628993 2.647828 6.949187 12.50847 9.997403
-9999 -9999 -9999 -9999 -9999 -9999 -9999 -9999 -9999 -9999 -9999 -9999 -9999 -9999 -9999 -9999 -9999 -9999 -9999 -9999 -9999 -9999 -9999 -9999 -9999 -9999 -9999 -9999 -9999 -9999 -9999 -9999 -9999 -9999 -9999 -9999 -9999 -9999 -9999 -9999 -9999 -9999 -9999 -9999 -9999 -9999 -9999 5.391764 6.575965 5.466322 1.46353 1.827036 0.6045809 1.774609 7.422389 10.98075 9.849153 4.267283 8.158698 7.548304 5.945903 3.622784 4.218623 5.760072 13.69974 14.75146
-9999 -9999 -9999 -9999 -9999 -9999 -9999 -9999 -9999 -9999 -9999 -9999 -9999 -9999 -9999 -9999 -9999 -9999 -9999 -9999 -9999 -9999 -9999 -9999 -9999 -9999 -9999 -9999 -9999 -9999 -9999 -9999 -9999 -9999 -9999 -9999 -9999 -9999 -9999 -9999 -9999 -9999 -9999 -9999 -9999 -9999 -9999 3.811616 8.500712 6.717524 2.398699 3.417935 4.2112 4.110425 5.91132 9.926322 12.817 8.99443 7.193707 8.050432 5.871237 5.780545 7.538507 6.003086 11.44419 13.69292
-9999 -9999 -9999 -9999 -9999 -9999 -9999 -9999 -9999 -9999 -9999 -9999 -9999 -9999 -9999 -9999 -9999 -9999 -9999 -9999 -9999 -9999 -9999 -9999 -9999 8.948883 17.45459 -9999 -9999 -9999 -9999 -9999 -9999 -9999 -9999 -9999 -9999 -9999 -9999 -9999 -9999 -9999 -9999 -9999 -9999 -9999 -9999 1.827036 8.940018 7.501652 3.298371 1.959982 2.697208 5.818065 7.462131 11.39815 14.21249 12.36674 5.307925 11.86166 7.964554 7.176529 9.747099 5.595742 7.399103 8.167714
-9999 -9999 -9999 -9999 -9999 -9999 -9999 -9999 -9999 -9999 -9999 -9999 -9999 -9999 -9999 -9999 -9999 -9999 -9999 -9999 -9999 -9999 3.334318 7.482742 11.84358 18.85598 19.64126 16.76425 14.85185 12.92179 9.412509 8.648368 6.901888 3.826381 1.004089 -9999 -9999 -9999 -9999 -9999 -9999 -9999 -9999 -9999 -9999 -9999 -9999 2.167299 8.403662 8.667431 5.263125 4.460745 0.8768041 7.19285 10.54685 12.12718 12.94954 11.9992 2.367033 14.48053 10.96325 7.301806 8.715244 4.821503 4.898567 7.5906
-9999 -9999 -9999 -9999 -9999 -9999 -9999 -9999 -9999 -9999 -9999 -9999 -9999 -9999 -9999 -9999 -9999 -9999 -9999 15.75894 14.38231 10.15344 8.843246 11.82347 16.67692 16.87726 19.518 20.73019 16.93557 10.52456 5.945903 8.70121 7.376575 3.871952 4.572835 6.388635 4.929049 3.582761 -9999 -9999 -9999 -9999 -9999 -9999 -9999 -9999 -9999 1.064983 7.163618 7.958383 4.295046 6.202455 1.510116 7.656 11.19962 12.27879 12.59462 12.31396 2.840172 16.22429 12.09337 7.015553 6.958962 5.384829 2.521371 8.514379
-9999 -9999 -9999 -9999 -9999 -9999 -9999 -9999 -9999 -9999 -9999 -9999 -9999 -9999 -9999 -9999 -9999 -9999 -9999 12.5349 12.87661 8.843937 8.118749 11.34769 14.08901 12.25899 18.21334 17.82808 7.509038 5.458343 1.937377 7.985346 7.012031 5.528606 5.506041 4.419912 3.904173 2.313289 -9999 -9999 -9999 -9999 -9999 -9999 -9999 -9999 2.343002 3.793491 5.908165 7.376575 2.715782 6.640613 3.018137 7.518875 11.14064 12.20908 13.34036 14.01747 2.963546 16.99495 11.254 8.040514 7.5906 6.013422 1.144802 5.666454
-9999 -9999 -9999 -9999 -9999 -9999 -9999 -9999 -9999 -9999 -9999 -9999 -9999 -9999 -9999 -9999 -9999 -9999 -9999 4.570101 6.98378 3.417935 3.937718 7.400768 8.76069 6.57879 14.48053 16.45679 2.247093 5.835135 4.862759 7.393269 5.8063 6.881257 7.792176 2.935868 3.92178 3.891317 3.174265 3.063563 -9999 -9999 -9999 -9999 -9999 0.6546243 5.537606 8.050432 6.860561 7.447253 5.613505 6.958962 1.351683 8.583076 9.522255 9.926322 13.08279 15.94179 5.434333 15.00823 9.110243 8.242447 9.878015 6.499225 1.716918 2.48369
-9999 -9999 -9999 -9999 -9999 -9999 -9999 -9999 -9999 -9999 -9999 -9999 -9999 -9999 -9999 -9999 -9999 -9999 -9999 -9999 3.870333 1.309078 3.991424 7.696079 7.488503 5.063902 12.59649 16.43863 7.017314 8.678706 11.45306 10.38446 6.684277 7.209987 7.107384 1.607069 3.26971 5.907114 8.031346 9.200715 8.118749 5.760072 3.454443 1.46353 1.867917 6.16734 8.253595 5.716724 4.753684 5.814859 6.131006 5.180766 3.265869 8.322363 7.200567 8.653315 12.17601 15.51292 8.678706 13.93298 10.30398 9.616785 10.17008 6.118845 1.309078 1.459221
-9999 -9999 -9999 -9999 -9999 -9999 -9999 -9999 -9999 -9999 -9999 -9999 -9999 -9999 -9999 -9999 -9999 -9999 -9999 -9999 2.255474 1.144802 7.39577 9.923882 9.497345 9.007301 15.20007 18.0675 12.81011 11.0705 11.37295 10.72676 8.977464 6.588195 4.619061 1.618779 3.229153 3.588007 6.090373 9.709077 10.7553 8.690669 5.933351 5.895531 7.545856 8.807966 6.7506 3.345589 3.211614 3.972553 4.364387 4.12107 2.619191 7.245839 6.374063 8.47331 12.00515 12.85738 10.2905 15.90471 13.77701 11.83755 8.542357 2.640698 2.628771 3.477965
-9999 -9999 -9999 -9999 -9999 -9999 -9999 -9999 -9999 -9999 -9999 -9999 -9999 -9999 -9999 -9999 -9999 -9999 -9999 4.358651 6.013422 6.40801 10.87088 11.11102 10.82936 11.56046 17.02684 19.21862 14.46455 11.34822 10.68181 11.23964 12.21248 11.00531 7.898723 8.648368 10.19619 7.548304 6.484911 8.569526 5.716724 6.499225 4.104329 7.103909 7.807153 6.617265 3.660654 2.471002 4.533028 3.948835 0.8549747 4.86789 0.2510463 5.570104 4.439672 6.003086 10.3303 10.48326 15.48198 19.42535 14.78034 8.016044 1.171991 6.57879 9.169557 7.221104
-9999 -9999 -9999 -9999 -9999 -9999 -9999 -9999 -9999 -9999 -9999 -9999 -9999 -9999 -9999 -9999 -9999 -9999 12.76586 13.17939 15.78959 14.92528 12.03628 10.25701 10.50623 11.60321 17.8166 18.82509 12.50847 10.11049 10.7553 12.09975 12.05403 11.20336 9.520341 11.42799 11.69125 11.02219 9.33206 7.712847 2.582945 6.453304 5.595742 7.103909 6.090373 5.384829 4.415666 3.966242 4.259947 4.049048 1.998136 5.309099 2.310569 4.289217 5.66316 6.175384 5.214348 9.445383 15.35745 13.37413 6.572197 4.852478 7.623777 11.63093 10.4389 11.13688
-9999 -9999 -9999 -9999 -9999 -9999 -9999 -9999 -9999 -9999 -9999 -9999 -9999 -9999 -9999 -9999 -9999 -9999 16.91738 18.82827 18.28915 16.50056 13.0396 8.568811 9.497984 12.21685 18.78572 17.60436 10.65361 9.152937 9.388581 10.1075 8.425492 8.50575 9.914117 9.981049 6.99792 6.442732 8.834959 7.238172 3.852488 4.295046 5.272589 7.037531 6.415742 7.492614 8.833577 8.392724 3.857363 4.747111 4.06294 5.716724 1.476381 2.007561 7.034019 7.449735 3.818185 7.725597 11.23804 8.363483 5.050335 9.070023 11.4191 11.70043 9.473647 11.12127
-9999 -9999 -9999 -9999 -9999 -9999 -9999 -9999 -9999 -9999 -9999 -9999 -9999 -9999 -9999 -9999 -9999 -9999 8.591621 11.64681 12.54245 13.80532 12.74321 8.47331 10.38621 13.83568 17.84047 16.92896 9.46659 8.360553 8.812818 8.47331 9.410571 10.85263 10.97911 7.747063 5.257202 5.414817 6.996154 6.023741 5.767623 2.666748 4.06294 8.466084 7.642323 9.763878 8.462467 8.215626 4.224551 3.510272 7.347267 5.161477 1.756784 3.25432 8.098317 12.19791 9.152272 9.72655 12.05846 9.744611 9.52353 14.01955 13.15442 11.77756 8.812818 5.613505
-9999 -9999 -9999 -9999 -9999 -9999 -9999 -9999 -9999 -9999 -9999 -9999 -9999 -9999 -9999 -9999 -9999 -9999 6.643409 7.61004 6.941179 8.99443 11.22098 10.58219 12.40878 14.74912 15.67963 16.73207 11.7284 10.11587 9.59973 9.446027 11.57077 12.42451 10.58674 7.315307 4.018004 6.033012 6.154245 6.594771 7.5906 6.808083 5.382515 8.319417 5.805229 7.045425 5.803087 10.74356 4.049048 5.050335 5.410214 6.078128 3.430757 8.637758 9.174205 13.61982 13.93465 15.86107 14.08901 4.509527 16.88689 18.46924 13.02877 7.5906 5.708014 8.569526
-9999 -9999 -9999 -9999 -9999 -9999 -9999 -9999 -9999 -9999 -9999 -9999 -9999 -9999 -9999 -9999 -9999 4.439672 8.466084 7.954523 5.595742 6.247303 9.654571 11.40601 11.02872 12.40974 13.6421 14.65577 10.39317 9.263352 9.17885 9.158924 9.933638 9.742122 9.641993 8.915417 3.865475 3.275462 3.176241 4.858906 9.59973 10.1873 8.050432 7.161894 7.554012 8.320153 6.435033 13.24378 3.924973 7.135991 4.432626 7.87769 9.982867 12.42641 11.32237 14.54822 18.96919 18.79123 9.776286 14.36942 20.84164 16.72804 8.805886 0.5724581 6.650859 9.300064
-9999 -9999 -9999 -9999 -9999 -9999 -9999 -9999 -9999 -9999 -9999 -9999 -9999 -9999 -9999 -9999 7.034019 4.364387 6.049458 5.383672 5.039207 6.31052 7.413249 9.014068 6.374063 9.115592 13.71379 11.99772 7.43566 10.24994 10.95011 7.353138 4.503979 5.241768 8.356889 8.598025 7.641517 1.857781 5.209564 4.91002 4.83185 7.725597 7.279812 10.87916 13.06257 9.417673 7.662427 12.73302 6.860561 8.201432 8.355423 11.67136 15.2396 15.75785 13.94467 13.47875 11.82296 5.08357 18.58462 22.56359 17.2532 11.93962 4.305229 4.531649 6.56088 6.065858
-9999 -9999 -9999 -9999 -9999 -9999 -9999 -9999 -9999 -9999 -9999 -9999 -9999 -9999 -9999 -9999 6.013422 8.816974 9.548367 6.650859 3.030593 4.852478 3.948835 5.446924 1.959982 7.518875 14.68448 11.19962 5.414817 7.70327 10.73684 11.34822 7.531969 0.5613421 5.930209 7.922798 9.024883 8.079351 2.468456 7.052435 4.04131 5.284395 11.44419 15.01932 11.21778 4.862759 6.7506 10.26466 7.712847 7.124736 10.96161 13.01433 16.73207 16.50739 12.24448 5.619045 6.788067 15.528 22.82242 19.68603 11.07916 8.967267 1.668572 5.865942 4.668837 3.638324
-9999 -9999 -9999 -9999 -9999 -9999 -9999 -9999 -9999 -9999 -9999 -9999 -9999 -9999 -9999 -9999 -9999 4.394373 9.339878 9.843616 5.375567 2.54371 1.239891 4.668837 2.288691 8.531608 14.18266 9.750209 5.07866 6.852446 7.389934 9.07271 9.902506 6.709228 1.111297 5.466322 9.170885 10.78934 6.788067 2.023171 7.137721 7.712847 13.03058 12.74552 7.731964 5.98028 5.708014 8.860487 7.762923 5.13726 12.56221 12.81194 10.50623 4.994442 5.840458 9.581374 14.62661 14.11414 18.25821 16.27993 6.728568 8.471143 0.8549747 6.302654 5.116585 6.998803
-9999 -9999 -9999 -9999 -9999 -9999 -9999 -9999 -9999 -9999 -9999 -9999 -9999 -9999 -9999 -9999 -9999 -9999 7.148091 7.772423 6.797173 5.414817 0.9257382 3.852488 3.975704 8.67166 11.84208 5.698199 6.7506 10.69532 7.81109 5.44006 6.020647 6.380867 6.297732 1.510116 5.734104 10.21749 10.69025 6.484911 4.91002 12.69684 14.41888 9.89333 12.50422 16.32739 17.23283 16.95044 14.6037 9.115592 14.25893 13.80532 2.619191 12.98945 16.40704 15.08645 12.86151 9.512044 14.67937 14.50247 6.271086 9.914727 6.817161 2.244292 3.102256 4.12107
-9999 -9999 -9999 -9999 -9999 -9999 -9999 -9999 -9999 -9999 -9999 -9999 -9999 -9999 -9999 -9999 -9999 -9999 -9999 3.826381 6.824414 7.286587 4.775963 4.049048 6.090373 5.539853 8.203675 5.506041 6.407042 14.33189 11.54031 5.55668 4.351471 3.72683 7.372396 7.258598 1.279885 4.200786 9.104891 12.6973 11.25028 12.27155 14.61358 13.69335 12.83538 18.8943 20.75356 21.94773 21.32868 15.27225 17.75131 12.10563 7.123869 16.54147 10.53657 6.925134 6.360433 6.754265 11.38923 10.71498 6.211451 9.512044 11.51908 5.627896 4.561889 10.4389
-9999 -9999 -9999 -9999 -9999 -9999 -9999 -9999 -9999 -9999 -9999 -9999 -9999 -9999 -9999 -9999 -9999 -9999 -9999 -9999 5.241768 7.209987 8.607977 4.481718 4.050594 6.403172 3.67262 1.595273 3.229153 12.71587 14.4929 8.47042 7.162756 4.647379 6.46194 7.985346 1.881346 5.920772 4.594647 3.410586 12.50233 15.16836 11.84961 14.21983 12.27541 7.855034 11.19053 15.29772 19.19186 15.38535 14.86812 4.846042 15.21627 12.81011 6.621006 8.391994 6.819881 6.251273 8.834959 6.967836 3.260099 7.353977 13.06436 11.34137 9.997403 12.71077
-9999 -9999 -9999 -9999 -9999 -9999 -9999 -9999 -9999 -9999 -9999 -9999 -9999 -9999 -9999 -9999 -9999 -9999 -9999 -9999 4.594647 7.037531 10.08834 9.357442 7.093471 5.461764 3.677737 4.576933 3.615856 6.572197 12.69684 10.94956 8.496392 7.34307 9.953118 4.259947 7.469557 11.76137 12.69916 13.26811 11.9077 10.26466 8.622881 7.913488 13.59578 8.57666 2.020059 8.653315 15.48788 15.81011 10.17008 10.51941 15.00861 7.462956 8.261019 13.16111 8.250624 3.061513 7.207419 6.200453 2.508874 3.870333 9.25941 13.24865 13.3109 8.49423
-9999 -9999 -9999 -9999 -9999 -9999 -9999 -9999 -9999 -9999 -9999 -9999 -9999 -9999 -9999 -9999 -9999 -9999 -9999 -9999 6.953632 7.422389 9.240329 10.70993 9.474288 9.160254 3.013973 4.104329 5.070057 2.916551 6.266139 8.199937 8.134603 11.13204 9.215922 6.953632 12.35237 10.47636 7.044549 13.15442 16.26882 14.25893 6.415742 5.186779 9.505016 7.939838 4.727335 1.437482 8.562385 15.94819 16.62696 19.69802 11.34558 6.302654 11.92766 14.70842 8.038223 2.521371 5.966762 5.705835 1.911214 4.533028 4.079854 9.675284 9.290901 5.391764
-9999 -9999 -9999 -9999 -9999 -9999 -9999 -9999 -9999 -9999 -9999 -9999 -9999 -9999 -9999 -9999 -9999 -9999 -9999 -9999 8.523715 7.148955 7.051559 10.65418 10.48154 8.634218 7.561344 3.48157 1.774609 4.351471 7.561344 8.615077 9.672149 9.987716 5.736272 12.82527 12.51367 7.636683 5.98028 11.10617 13.79477 17.20271 16.12107 9.503099 5.55668 6.200453 5.446924 6.062786 9.264009 8.807966 17.02454 22.98392 12.3423 10.96763 13.28974 11.25241 8.49423 3.128452 5.429748 3.975704 1.618779 6.450422 7.725597 3.67262 4.754997 5.789143
-9999 -9999 -9999 -9999 -9999 -9999 -9999 -9999 -9999 -9999 -9999 -9999 -9999 -9999 -9999 -9999 -9999 -9999 -9999 -9999 10.13974 7.700873 7.545856 10.37226 12.09631 11.24177 11.12127 8.693481 3.741933 2.129231 3.061513 7.108253 9.115592 9.887818 10.53371 12.53207 7.73912 3.610651 6.118845 8.942746 11.20336 14.35612 17.88778 13.65365 9.510128 9.672149 9.391171 11.2848 13.65365 3.961503 19.04655 21.69176 15.34142 12.42641 9.182166 9.303334 11.47286 7.855034 6.102592 1.634262 5.030535 8.569526 7.31615 4.267283 7.680073 4.04131
-9999 -9999 -9999 -9999 -9999 -9999 -9999 -9999 -9999 -9999 -9999 -9999 -9999 -9999 -9999 -9999 -9999 -9999 -9999 7.794543 10.33439 8.807966 10.11109 10.33322 10.65418 10.34256 13.20119 12.65494 2.860008 5.169925 9.48198 13.17983 14.56608 13.97967 10.9353 7.400768 2.244292 2.894935 3.110339 5.280856 8.915417 13.36668 16.5931 10.17008 3.3736 11.98136 14.73348 13.16869 10.34372 6.459063 19.84625 20.18165 15.17592 12.91313 9.348339 8.042804 10.56796 8.771838 8.588774 0.3368122 8.963866 7.472856 2.804559 5.356995 8.958421 6.764332
